11 0.34687 0.73611 0.34583 0.73704 0.34479 0.74074 0.34375 0.75185 0.34323 0.76111 0.34323 0.77315 0.34271 0.78333 0.34167 0.79259 0.34115 0.80278 0.34115 0.81481 0.34010 0.82685 0.34010 0.83704 0.34115 0.84167 0.34219 0.84352 0.34427 0.84537 0.34635 0.84630 0.35885 0.84815 0.36823 0.84815 0.36927 0.84722 0.36979 0.84537 0.37031 0.83981 0.37083 0.83056 0.37083 0.81667 0.37240 0.79444 0.37292 0.77130 0.37396 0.75926 0.37448 0.74444 0.37292 0.74167 0.37083 0.74074 0.36562 0.74074 0.35729 0.73889 0.35417 0.73704 0.35104 0.73611
11 0.38594 0.79537 0.38490 0.79630 0.38385 0.80093 0.38333 0.81944 0.38333 0.85185 0.38177 0.88148 0.38177 0.90000 0.38229 0.90278 0.38385 0.90556 0.39115 0.90556 0.39635 0.90648 0.40052 0.90833 0.40469 0.90926 0.41094 0.90833 0.41146 0.90648 0.41146 0.87407 0.41250 0.85370 0.41302 0.83241 0.41302 0.80278 0.41250 0.80000 0.41146 0.79815 0.40990 0.79722 0.40052 0.79722 0.39219 0.79537
11 0.34896 0.90648 0.34792 0.90833 0.34740 0.91667 0.34740 0.94352 0.34635 0.95185 0.34635 0.96296 0.34531 0.98056 0.34427 0.98796 0.34427 0.99722 0.34479 0.99907 0.37604 0.99907 0.37656 0.99722 0.37865 0.95093 0.37917 0.93241 0.37917 0.91389 0.37865 0.91204 0.37760 0.91111 0.37448 0.91019 0.36615 0.91019 0.35625 0.90833 0.35260 0.90648
11 0.43542 0.85926 0.43281 0.86111 0.43229 0.86296 0.43177 0.87407 0.43177 0.88889 0.43073 0.90000 0.43073 0.91296 0.42917 0.93241 0.42812 0.95926 0.42812 0.96944 0.43021 0.97315 0.43229 0.97407 0.44948 0.97593 0.45573 0.97593 0.45677 0.97500 0.45781 0.97315 0.45833 0.95926 0.45833 0.94444 0.45885 0.93241 0.45990 0.92222 0.45990 0.90741 0.46094 0.89352 0.46146 0.86852 0.46042 0.86389 0.45885 0.86296 0.45260 0.86204 0.44323 0.86204 0.43958 0.86019
11 0.47552 0.76944 0.47448 0.77037 0.47344 0.77500 0.47344 0.78056 0.47083 0.80278 0.46979 0.80648 0.46927 0.81019 0.46875 0.82037 0.46719 0.82963 0.46615 0.84537 0.46354 0.86204 0.46302 0.86759 0.46302 0.87315 0.46354 0.87500 0.46458 0.87685 0.46563 0.87778 0.46979 0.87963 0.48542 0.88519 0.49010 0.88426 0.49062 0.88241 0.49271 0.86204 0.49271 0.85556 0.49323 0.84907 0.49427 0.84352 0.49531 0.82685 0.49740 0.80833 0.49896 0.80000 0.50052 0.78426 0.50052 0.77870 0.49896 0.77593 0.49583 0.77407 0.48698 0.77222 0.48125 0.76944 0.47813 0.76852
11 0.42552 0.70185 0.42396 0.70463 0.42344 0.70926 0.42344 0.71389 0.42396 0.72315 0.42344 0.74630 0.42292 0.75648 0.42188 0.76574 0.42083 0.79352 0.42083 0.80185 0.42188 0.80370 0.42344 0.80463 0.43125 0.80648 0.43698 0.80648 0.44271 0.80833 0.44635 0.81111 0.44740 0.81111 0.44844 0.81019 0.44948 0.80556 0.45000 0.78981 0.45000 0.77407 0.45052 0.76204 0.45104 0.76111 0.45052 0.70926 0.44948 0.70463 0.44844 0.70370 0.44583 0.70278 0.44010 0.70185 0.42865 0.70093
11 0.38229 0.63056 0.38125 0.63148 0.38125 0.63333 0.38073 0.63426 0.38021 0.63981 0.37969 0.65463 0.37969 0.67222 0.37917 0.68704 0.37760 0.70000 0.37708 0.70741 0.37708 0.71944 0.37604 0.72870 0.37552 0.73796 0.37656 0.73981 0.37917 0.74074 0.38281 0.74074 0.39687 0.74537 0.40260 0.74537 0.40365 0.74444 0.40469 0.74074 0.40521 0.73519 0.40521 0.72407 0.40625 0.71296 0.40625 0.70185 0.40729 0.69444 0.40885 0.65648 0.40885 0.63889 0.40833 0.63519 0.40729 0.63333 0.40521 0.63241 0.39479 0.63241 0.38906 0.63056
11 0.34792 0.56204 0.34687 0.56296 0.34583 0.56481 0.34531 0.56667 0.34323 0.57870 0.34167 0.59537 0.34115 0.60463 0.34115 0.61481 0.34063 0.62315 0.33958 0.63426 0.33906 0.63796 0.33750 0.64537 0.33750 0.65278 0.33802 0.65556 0.33906 0.65833 0.34063 0.66111 0.34167 0.66204 0.34427 0.66296 0.35469 0.66481 0.36354 0.66481 0.36458 0.66389 0.36562 0.66204 0.36615 0.65833 0.36667 0.64537 0.36875 0.62685 0.36927 0.61019 0.37083 0.59815 0.37188 0.57778 0.37188 0.57222 0.37135 0.56852 0.37031 0.56667 0.36927 0.56574 0.36510 0.56389 0.36146 0.56296 0.35469 0.56296 0.35417 0.56204
11 0.37969 0.46852 0.37865 0.47037 0.37760 0.47963 0.37708 0.51019 0.37708 0.55000 0.37760 0.55648 0.37865 0.56019 0.37969 0.56111 0.38073 0.56111 0.38177 0.56204 0.40052 0.56204 0.40156 0.56111 0.40260 0.55926 0.40365 0.55278 0.40417 0.54537 0.40417 0.47500 0.40313 0.47037 0.40208 0.46852 0.40104 0.46759 0.39896 0.46667 0.39479 0.46667 0.39427 0.46574 0.39062 0.46574 0.38229 0.46667
11 0.37604 0.41944 0.37448 0.41759 0.36875 0.41481 0.36615 0.41204 0.36354 0.41111 0.35833 0.41111 0.35677 0.41204 0.35208 0.41852 0.35052 0.42407 0.34948 0.42963 0.34896 0.43611 0.34792 0.44167 0.34687 0.44537 0.34375 0.45278 0.34271 0.45741 0.34219 0.46296 0.33958 0.47130 0.33906 0.47407 0.33906 0.47778 0.33854 0.48148 0.33802 0.48241 0.33802 0.48426 0.33854 0.48981 0.34010 0.49259 0.34115 0.49352 0.34323 0.49444 0.34687 0.49537 0.35052 0.49537 0.35573 0.49815 0.36042 0.49815 0.36250 0.49444 0.36354 0.48981 0.36667 0.47130 0.37031 0.46204 0.37188 0.45648 0.37344 0.44907 0.37500 0.43519 0.37604 0.43241 0.37708 0.42593 0.37656 0.42130
11 0.37917 0.34074 0.37812 0.34259 0.37760 0.34907 0.37708 0.37222 0.37708 0.38426 0.37760 0.40926 0.37812 0.41204 0.37865 0.41389 0.37969 0.41481 0.38177 0.41574 0.39010 0.41574 0.39375 0.41667 0.39427 0.41759 0.39687 0.41759 0.39948 0.41667 0.40052 0.41574 0.40104 0.41481 0.40156 0.41296 0.40156 0.40556 0.40208 0.40463 0.40156 0.37407 0.40052 0.36481 0.40052 0.34722 0.40000 0.34352 0.39948 0.34167 0.39896 0.34074 0.39635 0.33889 0.38698 0.33889 0.38073 0.33981
11 0.35469 0.29630 0.35365 0.29722 0.35260 0.29907 0.35208 0.30185 0.35156 0.30648 0.35156 0.31111 0.35104 0.31574 0.35000 0.32130 0.34844 0.32685 0.34792 0.33333 0.34740 0.33611 0.34479 0.34444 0.34375 0.35000 0.34323 0.35463 0.34323 0.35833 0.34427 0.36204 0.34635 0.36389 0.34844 0.36481 0.35052 0.36481 0.35260 0.36574 0.35677 0.36852 0.35938 0.36944 0.36406 0.36944 0.36510 0.36852 0.36562 0.36759 0.36562 0.36667 0.36667 0.36481 0.36719 0.36204 0.36771 0.35556 0.36823 0.35278 0.36927 0.35000 0.36979 0.34352 0.37292 0.33333 0.37396 0.32407 0.37500 0.30741 0.37448 0.30185 0.37292 0.29907 0.36510 0.29630 0.35781 0.29537
11 0.38646 0.23796 0.38490 0.23889 0.38333 0.24167 0.38177 0.24722 0.38021 0.25833 0.37865 0.27315 0.37812 0.28056 0.37812 0.29537 0.37969 0.29815 0.38073 0.29907 0.38333 0.30000 0.38750 0.30093 0.39635 0.30093 0.39740 0.30000 0.39844 0.29815 0.39896 0.29444 0.39948 0.28796 0.39948 0.27963 0.40052 0.27130 0.40104 0.25185 0.40104 0.24722 0.40052 0.24259 0.40000 0.24074 0.39948 0.23981 0.39687 0.23796
11 0.35885 0.20648 0.35781 0.20741 0.35729 0.20833 0.35677 0.21019 0.35573 0.21759 0.35521 0.22500 0.35469 0.22870 0.35260 0.23796 0.35104 0.24722 0.35052 0.25185 0.35104 0.26111 0.35208 0.26204 0.35521 0.26389 0.35781 0.26481 0.36198 0.26574 0.36719 0.26574 0.36823 0.26481 0.36875 0.26389 0.36875 0.26296 0.36979 0.26111 0.37188 0.25370 0.37292 0.24815 0.37552 0.23056 0.37708 0.21852 0.37708 0.21019 0.37552 0.20741 0.37344 0.20648
11 0.36198 0.13333 0.36094 0.13426 0.35990 0.13611 0.35885 0.14167 0.35833 0.14537 0.35833 0.14907 0.35677 0.15556 0.35625 0.16111 0.35573 0.16944 0.35573 0.17870 0.35677 0.18056 0.35833 0.18148 0.36406 0.18148 0.36875 0.18333 0.37240 0.18333 0.37344 0.18241 0.37396 0.18148 0.37448 0.17963 0.37552 0.16852 0.37552 0.16204 0.37604 0.15741 0.37760 0.14907 0.37812 0.14352 0.37812 0.14167 0.37760 0.14074 0.37760 0.13796 0.37552 0.13426 0.37292 0.13333
11 0.38750 0.15741 0.38490 0.15926 0.38385 0.16204 0.38333 0.16481 0.38229 0.17315 0.38177 0.18426 0.38073 0.18981 0.37969 0.20093 0.37969 0.20648 0.38073 0.21019 0.38281 0.21204 0.38646 0.21296 0.39115 0.21296 0.39167 0.21389 0.39583 0.21389 0.39687 0.21296 0.39844 0.21019 0.39896 0.20833 0.39948 0.20463 0.40000 0.19444 0.40000 0.18426 0.40104 0.17407 0.40104 0.16481 0.40052 0.16296 0.39948 0.16111 0.39844 0.16019 0.39687 0.15926 0.39323 0.15926 0.39010 0.15741
11 0.41510 0.10463 0.41406 0.10556 0.41250 0.10833 0.41198 0.11296 0.41146 0.12407 0.40990 0.13426 0.40990 0.14352 0.40885 0.15741 0.40833 0.15833 0.40833 0.16296 0.40885 0.16574 0.40990 0.16759 0.41094 0.16852 0.41510 0.16944 0.42344 0.16944 0.42448 0.16759 0.42552 0.16296 0.42552 0.15741 0.42708 0.14722 0.42708 0.14167 0.42812 0.13241 0.43021 0.11759 0.42969 0.10833 0.42865 0.10741 0.42552 0.10648 0.42135 0.10648 0.41667 0.10463
11 0.41875 0.18981 0.41719 0.19074 0.41510 0.19444 0.41302 0.20000 0.41250 0.20185 0.41146 0.20741 0.40833 0.23056 0.40781 0.23704 0.40781 0.24074 0.40833 0.24444 0.40885 0.24630 0.40990 0.24815 0.41146 0.24907 0.41771 0.25093 0.42500 0.25093 0.42656 0.24907 0.42760 0.24630 0.42865 0.24074 0.42917 0.23519 0.42917 0.22593 0.43021 0.21759 0.43021 0.20185 0.42969 0.19537 0.42917 0.19352 0.42812 0.19167 0.42604 0.19074 0.42240 0.18981
11 0.44062 0.15278 0.43958 0.15370 0.43906 0.15463 0.43854 0.15648 0.43802 0.16204 0.43750 0.17037 0.43750 0.18056 0.43646 0.18889 0.43646 0.20463 0.43750 0.20833 0.43854 0.20926 0.44948 0.21111 0.45260 0.21111 0.45521 0.21019 0.45729 0.20648 0.45781 0.20370 0.45781 0.19259 0.45729 0.16574 0.45677 0.16296 0.45521 0.16019 0.45156 0.15741 0.44896 0.15278 0.44792 0.15185 0.44219 0.15185
11 0.44531 0.23333 0.44427 0.23426 0.44323 0.23889 0.44271 0.24444 0.44219 0.25741 0.44115 0.26759 0.43958 0.27500 0.43906 0.27963 0.43906 0.28889 0.44010 0.29074 0.44115 0.29167 0.45208 0.29444 0.45625 0.29444 0.45781 0.29352 0.45885 0.29259 0.45937 0.29167 0.45990 0.28981 0.46042 0.28333 0.46042 0.26944 0.46094 0.26204 0.46198 0.25556 0.46250 0.24815 0.46250 0.23796 0.46198 0.23611 0.46146 0.23519 0.46042 0.23426 0.45677 0.23333 0.44792 0.23241
11 0.41719 0.27407 0.41563 0.27500 0.41406 0.27778 0.41354 0.27963 0.41302 0.28333 0.41198 0.29537 0.41094 0.31111 0.41042 0.32500 0.41042 0.34074 0.41094 0.34352 0.41198 0.34537 0.41458 0.34722 0.41719 0.34815 0.42240 0.34907 0.42969 0.34907 0.43125 0.34815 0.43281 0.34537 0.43333 0.34352 0.43385 0.33981 0.43438 0.33056 0.43438 0.32130 0.43385 0.29352 0.43333 0.28148 0.43281 0.27870 0.43125 0.27593 0.42865 0.27500 0.42344 0.27407
11 0.45417 0.32500 0.45208 0.32593 0.45104 0.32685 0.45052 0.32778 0.44948 0.33148 0.44740 0.34630 0.44688 0.35648 0.44531 0.36944 0.44375 0.37685 0.44375 0.38241 0.44271 0.38704 0.44271 0.39630 0.44375 0.40000 0.44531 0.40093 0.45521 0.40463 0.46146 0.40463 0.46250 0.40370 0.46302 0.40278 0.46302 0.40185 0.46406 0.40000 0.46458 0.39815 0.46563 0.39167 0.46615 0.38611 0.46615 0.37963 0.46667 0.37593 0.46771 0.37222 0.46875 0.36389 0.46875 0.35926 0.47031 0.35093 0.47031 0.33981 0.46979 0.33704 0.46823 0.33148 0.46615 0.32778 0.46458 0.32685 0.46198 0.32593 0.45729 0.32500
11 0.41979 0.38241 0.41823 0.38333 0.41667 0.38611 0.41615 0.38981 0.41563 0.39722 0.41563 0.42315 0.41510 0.43889 0.41354 0.45000 0.41354 0.45741 0.41510 0.46389 0.41667 0.46667 0.41771 0.46759 0.42396 0.47037 0.43021 0.47130 0.43490 0.47130 0.43646 0.47037 0.43750 0.46852 0.43854 0.46481 0.43906 0.46111 0.43906 0.42870 0.43958 0.41852 0.44115 0.40000 0.44115 0.39167 0.44062 0.38704 0.43958 0.38519 0.43594 0.38333 0.42917 0.38241
11 0.44271 0.52407 0.42760 0.52407 0.42500 0.52593 0.42396 0.52963 0.42344 0.53333 0.42292 0.54259 0.42240 0.54722 0.42135 0.55370 0.42031 0.55648 0.41979 0.55926 0.41719 0.58056 0.41719 0.58519 0.41563 0.59167 0.41406 0.60463 0.41406 0.61296 0.41458 0.61481 0.41719 0.61944 0.42240 0.62407 0.42604 0.62593 0.42969 0.62685 0.43438 0.62685 0.43698 0.62500 0.44115 0.61759 0.44219 0.61389 0.44427 0.59907 0.44688 0.57222 0.44688 0.56481 0.44896 0.55556 0.44948 0.55093 0.44948 0.53333 0.44896 0.53056 0.44688 0.52685
11 0.46042 0.44815 0.45833 0.44907 0.45729 0.45093 0.45625 0.45463 0.45521 0.46204 0.45469 0.47037 0.45312 0.47870 0.45260 0.48333 0.45208 0.49537 0.45052 0.50370 0.44896 0.51759 0.44896 0.52593 0.45156 0.53796 0.45312 0.53981 0.45573 0.54074 0.46042 0.54167 0.46458 0.54167 0.46510 0.54259 0.46875 0.54259 0.47135 0.54167 0.47292 0.53981 0.47448 0.53704 0.47552 0.53426 0.47656 0.52963 0.47708 0.51759 0.47708 0.49907 0.47813 0.48796 0.47813 0.45926 0.47760 0.45370 0.47708 0.45185 0.47552 0.45000 0.47396 0.44907 0.46563 0.44815
11 0.46719 0.60278 0.46458 0.60463 0.46406 0.60648 0.46354 0.61389 0.46302 0.63056 0.46302 0.64630 0.46198 0.65926 0.46198 0.67593 0.46146 0.68519 0.46042 0.69167 0.46042 0.70000 0.45937 0.70556 0.45990 0.71019 0.46094 0.71204 0.46302 0.71296 0.46771 0.71296 0.47135 0.71389 0.47760 0.71667 0.48594 0.71574 0.48646 0.71389 0.48750 0.70463 0.48802 0.69167 0.48958 0.67870 0.49010 0.66944 0.49010 0.65370 0.49115 0.64722 0.49115 0.61944 0.49010 0.60833 0.48906 0.60556 0.48698 0.60370 0.47813 0.60278
11 0.49688 0.51296 0.49635 0.51389 0.49635 0.51481 0.49531 0.51667 0.49531 0.53796 0.49583 0.54815 0.49740 0.56389 0.49792 0.57407 0.49792 0.58333 0.49844 0.59259 0.50000 0.60556 0.50104 0.60926 0.50365 0.61111 0.51667 0.61204 0.52292 0.61204 0.52396 0.61111 0.52500 0.60926 0.52552 0.60556 0.52552 0.59074 0.52448 0.57963 0.52396 0.57593 0.52292 0.57222 0.52240 0.56481 0.52135 0.56111 0.52083 0.55741 0.52083 0.55000 0.51979 0.54259 0.51927 0.52593 0.51875 0.52037 0.51771 0.51574 0.51615 0.51296 0.51198 0.51111 0.49948 0.51111
11 0.50885 0.68148 0.50781 0.68241 0.50677 0.68704 0.50677 0.70556 0.50729 0.72407 0.50781 0.73241 0.50885 0.74074 0.50885 0.75741 0.50990 0.77130 0.50990 0.78796 0.51094 0.78981 0.51250 0.79074 0.53438 0.78981 0.53542 0.78889 0.53646 0.78611 0.53646 0.77870 0.53490 0.74167 0.53281 0.71574 0.53281 0.69074 0.53177 0.68426 0.53073 0.68333 0.52552 0.68241
11 0.51979 0.84074 0.51875 0.84259 0.51823 0.84444 0.51875 0.90093 0.51771 0.92963 0.51823 0.93981 0.51771 0.94722 0.51875 0.95185 0.52031 0.95278 0.52500 0.95278 0.54219 0.95093 0.54375 0.95000 0.54479 0.94815 0.54531 0.94352 0.54531 0.85556 0.54479 0.84352 0.54427 0.84167 0.54323 0.84074
11 0.55208 0.76296 0.55156 0.76481 0.55156 0.77037 0.55208 0.77130 0.55260 0.77870 0.55312 0.79537 0.55417 0.81204 0.55677 0.83426 0.55833 0.85185 0.55833 0.85741 0.55885 0.86389 0.55990 0.86944 0.56563 0.87037 0.57344 0.86759 0.57812 0.86759 0.58125 0.86667 0.58437 0.86481 0.58542 0.86296 0.58594 0.86019 0.58594 0.85463 0.58333 0.83333 0.58333 0.82593 0.58125 0.80278 0.58021 0.79815 0.57917 0.78611 0.57917 0.77870 0.57812 0.77315 0.57812 0.76574 0.57760 0.76296 0.57656 0.76111 0.55469 0.76111
11 0.61823 0.83056 0.61146 0.83148 0.60573 0.83333 0.59948 0.83333 0.59635 0.83519 0.59531 0.83704 0.59479 0.83889 0.59479 0.84815 0.59583 0.86111 0.59740 0.87685 0.59896 0.88611 0.59948 0.89907 0.60000 0.90370 0.60104 0.90833 0.60156 0.91296 0.60313 0.93333 0.60417 0.93889 0.60573 0.94074 0.60885 0.94074 0.62135 0.93519 0.62813 0.93056 0.62969 0.92778 0.63021 0.92500 0.62969 0.91667 0.62760 0.90185 0.62708 0.89167 0.62656 0.88704 0.62500 0.87963 0.62448 0.87407 0.62448 0.86852 0.62292 0.85926 0.62240 0.85463 0.62187 0.84444 0.62083 0.83519 0.62031 0.83333 0.61927 0.83148
11 0.59323 0.92870 0.59219 0.92778 0.57396 0.92870 0.56875 0.92963 0.56771 0.93056 0.56667 0.93241 0.56667 0.94259 0.56771 0.96667 0.56719 0.98426 0.56823 0.99907 0.59479 0.99907 0.59531 0.99722 0.59531 0.96852 0.59479 0.94444 0.59427 0.93056
11 0.66563 0.91111 0.65417 0.91852 0.64583 0.92130 0.64479 0.92222 0.64323 0.92500 0.64323 0.92963 0.64427 0.93519 0.64427 0.94074 0.64583 0.95648 0.64740 0.96389 0.64740 0.96759 0.64792 0.97130 0.65104 0.98611 0.65208 0.99537 0.65260 0.99722 0.65365 0.99907 0.67292 0.99907 0.67552 0.99722 0.67656 0.99537 0.67708 0.99537 0.67760 0.99444 0.67812 0.99259 0.67812 0.98519 0.67760 0.98148 0.67656 0.97778 0.67604 0.96944 0.67448 0.96296 0.67135 0.94167 0.66979 0.92685 0.66823 0.91759 0.66667 0.91204
11 0.70156 0.92500 0.69688 0.92407 0.69375 0.92685 0.69219 0.92778 0.68802 0.92870 0.68646 0.92963 0.68333 0.93241 0.68073 0.93333 0.67865 0.93519 0.67865 0.94537 0.67917 0.95000 0.68125 0.96389 0.68281 0.97037 0.68333 0.97685 0.68385 0.97963 0.68490 0.98241 0.68490 0.98519 0.68594 0.98889 0.68698 0.99074 0.68802 0.99167 0.69010 0.99167 0.69219 0.99074 0.69740 0.98704 0.69948 0.98611 0.70365 0.98519 0.70885 0.98241 0.70990 0.98056 0.70990 0.97407 0.70625 0.95833 0.70469 0.94907 0.70417 0.94259 0.70417 0.93333 0.70312 0.92870
11 0.68854 0.80648 0.68385 0.80648 0.67240 0.80926 0.67031 0.81019 0.66927 0.81111 0.66823 0.81296 0.66771 0.81481 0.66771 0.81759 0.66823 0.82407 0.66927 0.82963 0.66927 0.83704 0.67240 0.85556 0.67292 0.86481 0.67500 0.87963 0.67708 0.88981 0.67812 0.90000 0.67865 0.90278 0.68073 0.90648 0.68229 0.90648 0.68542 0.90463 0.68906 0.90093 0.69219 0.89907 0.69688 0.89722 0.70000 0.89444 0.70104 0.89167 0.70156 0.88519 0.69844 0.85741 0.69792 0.85463 0.69688 0.85185 0.69583 0.84537 0.69531 0.83704 0.69271 0.82222 0.69271 0.81852 0.69219 0.81481 0.69063 0.80926 0.68958 0.80741
11 0.63073 0.75370 0.62865 0.75463 0.62760 0.75648 0.62708 0.75833 0.62708 0.76667 0.62813 0.77870 0.63073 0.79630 0.63125 0.80556 0.63229 0.81389 0.63438 0.82593 0.63594 0.84352 0.63750 0.85185 0.63854 0.85370 0.64010 0.85463 0.64323 0.85463 0.64687 0.85278 0.65052 0.85278 0.65885 0.84907 0.65990 0.84815 0.66146 0.84537 0.66198 0.84352 0.66146 0.83426 0.66042 0.82407 0.65938 0.81667 0.65677 0.80185 0.65312 0.77407 0.65208 0.76111 0.65156 0.75741 0.65052 0.75370 0.64948 0.75278 0.64115 0.75278
11 0.58333 0.68519 0.58333 0.70278 0.58437 0.70926 0.58437 0.71574 0.58490 0.72222 0.58646 0.73426 0.58698 0.74074 0.58854 0.77037 0.58854 0.78333 0.58906 0.78519 0.59010 0.78611 0.60000 0.78611 0.60990 0.78519 0.61250 0.78333 0.61406 0.78056 0.61406 0.77685 0.61458 0.77593 0.61458 0.77315 0.61406 0.76574 0.61250 0.75648 0.61146 0.73796 0.60990 0.72870 0.60729 0.70463 0.60729 0.69815 0.60677 0.68981 0.60625 0.68704 0.60521 0.68519 0.60417 0.68426 0.58802 0.68333
11 0.63594 0.60093 0.62813 0.60093 0.61875 0.60278 0.61771 0.60370 0.61615 0.60648 0.61615 0.61019 0.61771 0.62222 0.61979 0.63148 0.62135 0.64259 0.62187 0.64815 0.62187 0.65741 0.62292 0.66667 0.62292 0.68519 0.62344 0.69259 0.62448 0.69722 0.62448 0.70370 0.62500 0.70648 0.62604 0.70833 0.62917 0.70833 0.63333 0.70648 0.63542 0.70463 0.63750 0.70370 0.64167 0.70278 0.64583 0.70093 0.64844 0.69907 0.64896 0.69167 0.64740 0.67778 0.64687 0.66944 0.64687 0.65741 0.64635 0.65000 0.64323 0.62222 0.64167 0.61481 0.64167 0.60926 0.64062 0.60463 0.63958 0.60278 0.63854 0.60185
11 0.67240 0.63704 0.66979 0.64074 0.66823 0.64167 0.66354 0.64259 0.66250 0.64352 0.66094 0.64630 0.65833 0.64815 0.65677 0.64815 0.65417 0.65000 0.65312 0.65370 0.65312 0.68519 0.65365 0.69444 0.65521 0.70741 0.65729 0.71667 0.65781 0.72130 0.65781 0.72593 0.65833 0.73148 0.65990 0.73889 0.66094 0.74074 0.66198 0.74167 0.66354 0.74167 0.66406 0.74074 0.66615 0.74074 0.68125 0.73148 0.68281 0.72870 0.68281 0.70833 0.68229 0.70463 0.68021 0.70093 0.67917 0.69722 0.67812 0.68704 0.67708 0.66852 0.67708 0.65556 0.67656 0.64907 0.67604 0.64537 0.67448 0.63796
11 0.63698 0.52315 0.63646 0.52500 0.63594 0.52963 0.63594 0.53704 0.63854 0.55278 0.63906 0.56204 0.64010 0.56944 0.64219 0.57870 0.64323 0.58519 0.64375 0.59352 0.64531 0.60278 0.64635 0.60648 0.64740 0.60741 0.64948 0.60833 0.65365 0.60833 0.66198 0.60741 0.66563 0.60648 0.66667 0.60556 0.66823 0.60278 0.66875 0.60000 0.66875 0.59167 0.66823 0.58519 0.66667 0.57407 0.66510 0.56852 0.66458 0.56574 0.66302 0.55463 0.66146 0.53796 0.66042 0.53148 0.65938 0.52778 0.65833 0.52500 0.65729 0.52315 0.65417 0.52037 0.64115 0.52037 0.63906 0.52130
11 0.59479 0.46389 0.59323 0.46667 0.59323 0.47500 0.59635 0.49167 0.59792 0.49630 0.59844 0.50093 0.60000 0.50648 0.60104 0.50833 0.60208 0.51204 0.60417 0.52222 0.60521 0.53056 0.60885 0.54352 0.61094 0.54722 0.61458 0.54815 0.62500 0.54722 0.62760 0.54630 0.62969 0.54259 0.63177 0.53611 0.63177 0.52778 0.63073 0.52500 0.62865 0.52130 0.62708 0.51667 0.62292 0.49907 0.62292 0.49630 0.62135 0.48889 0.61979 0.48333 0.61771 0.47870 0.61458 0.46667 0.61302 0.46389 0.61042 0.46204 0.59948 0.46204 0.59583 0.46296
11 0.57135 0.51852 0.57031 0.52037 0.57031 0.52593 0.56979 0.52685 0.56979 0.53148 0.57083 0.54352 0.57188 0.57870 0.57188 0.60093 0.57240 0.60741 0.57344 0.61111 0.57500 0.61296 0.59479 0.61296 0.59635 0.61019 0.59688 0.60741 0.59688 0.58704 0.59635 0.57500 0.59531 0.56481 0.59531 0.54722 0.59479 0.53611 0.59375 0.53241 0.59010 0.52593 0.58854 0.52407 0.58542 0.52130 0.58021 0.51852
11 0.56302 0.59815 0.55573 0.59815 0.54531 0.59907 0.54271 0.60093 0.54167 0.60278 0.54063 0.60741 0.54115 0.61667 0.54219 0.62407 0.54427 0.63426 0.54583 0.65000 0.54844 0.68889 0.54844 0.69907 0.54896 0.70463 0.54948 0.70648 0.55052 0.70741 0.55417 0.70741 0.56042 0.70556 0.56875 0.70185 0.57188 0.70185 0.57448 0.70093 0.57552 0.69907 0.57552 0.69167 0.57500 0.68611 0.57396 0.68056 0.57344 0.66759 0.57292 0.66111 0.57135 0.65370 0.57083 0.64815 0.57083 0.64167 0.56927 0.62500 0.56563 0.60463 0.56406 0.59907
11 0.52760 0.45000 0.52708 0.45093 0.52604 0.45556 0.52604 0.46111 0.52708 0.46759 0.52708 0.47593 0.52812 0.48241 0.52812 0.48889 0.52917 0.49537 0.52917 0.50370 0.52969 0.51204 0.53125 0.52315 0.53125 0.53241 0.53177 0.53426 0.53281 0.53611 0.53281 0.53704 0.53333 0.53796 0.53438 0.53889 0.53646 0.53981 0.55156 0.53889 0.55365 0.53796 0.55521 0.53519 0.55573 0.53333 0.55573 0.52500 0.55469 0.51296 0.55312 0.50185 0.55312 0.49537 0.55260 0.49167 0.55156 0.48796 0.55104 0.48426 0.55104 0.48056 0.55000 0.47685 0.54948 0.47222 0.54948 0.46481 0.54896 0.46019 0.54740 0.45370 0.54479 0.45093 0.54271 0.45000 0.53438 0.44907 0.52865 0.44907
11 0.55677 0.39537 0.55573 0.39630 0.55469 0.39815 0.55417 0.40000 0.55365 0.40463 0.55365 0.40833 0.55417 0.42315 0.55521 0.43704 0.55625 0.44352 0.55677 0.45093 0.55677 0.46111 0.55781 0.46944 0.55885 0.47315 0.55990 0.47500 0.56146 0.47593 0.56875 0.47593 0.56927 0.47685 0.57604 0.47685 0.57812 0.47593 0.57917 0.47407 0.57969 0.47222 0.58021 0.46852 0.58021 0.45556 0.57917 0.43981 0.57500 0.40556 0.57396 0.40185 0.57240 0.39907 0.57083 0.39722 0.56823 0.39537 0.56458 0.39537 0.56406 0.39444 0.56094 0.39444 0.56042 0.39537
11 0.48646 0.38704 0.48542 0.38981 0.48542 0.39815 0.48750 0.42037 0.49062 0.43889 0.49115 0.44444 0.49115 0.45185 0.49167 0.46111 0.49271 0.46574 0.49375 0.46759 0.49479 0.46852 0.49688 0.46944 0.51146 0.46944 0.51250 0.46852 0.51406 0.46574 0.51458 0.46389 0.51458 0.44815 0.51302 0.43981 0.51146 0.42222 0.51094 0.41852 0.50885 0.40926 0.50833 0.40463 0.50833 0.39907 0.50781 0.39630 0.50625 0.39074 0.50417 0.38704 0.50156 0.38519 0.48958 0.38519 0.48750 0.38611
11 0.51510 0.33704 0.51406 0.33889 0.51354 0.34074 0.51354 0.34722 0.51510 0.36389 0.51667 0.37037 0.51771 0.37778 0.51823 0.38333 0.51823 0.39537 0.51875 0.40093 0.51927 0.40370 0.52031 0.40741 0.52240 0.40926 0.52604 0.41019 0.53854 0.41019 0.54010 0.40926 0.54115 0.40741 0.54219 0.40370 0.54271 0.40093 0.54271 0.39722 0.54115 0.38796 0.54063 0.38611 0.53958 0.38426 0.53854 0.38056 0.53750 0.37407 0.53646 0.36019 0.53646 0.34444 0.53594 0.34074 0.53438 0.33796 0.53333 0.33704 0.52969 0.33611 0.51667 0.33611
11 0.48021 0.27593 0.47917 0.27685 0.47813 0.28426 0.47813 0.29630 0.47917 0.30833 0.47917 0.33148 0.47969 0.33796 0.48177 0.34537 0.48281 0.34630 0.48490 0.34722 0.49010 0.34815 0.49896 0.34815 0.50000 0.34630 0.50052 0.34444 0.50104 0.34074 0.50156 0.33333 0.50156 0.32870 0.50000 0.31852 0.50000 0.30278 0.49896 0.28426 0.49844 0.27963 0.49740 0.27778 0.49583 0.27685 0.49271 0.27593
11 0.50417 0.24167 0.50313 0.24352 0.50260 0.24537 0.50260 0.25833 0.50313 0.27685 0.50365 0.28704 0.50417 0.29259 0.50521 0.29630 0.50729 0.29815 0.50990 0.29907 0.51875 0.30093 0.52344 0.30093 0.52448 0.30000 0.52500 0.29815 0.52500 0.28611 0.52448 0.27963 0.52292 0.26944 0.52240 0.26389 0.52240 0.25000 0.52187 0.24537 0.52135 0.24352 0.51927 0.24167 0.51354 0.24074 0.50625 0.24074
11 0.46979 0.19815 0.46875 0.20000 0.46875 0.21574 0.46979 0.22963 0.46979 0.24444 0.47031 0.24630 0.47135 0.24815 0.47292 0.24907 0.48021 0.25093 0.48698 0.25093 0.48802 0.25000 0.48906 0.24815 0.48906 0.23519 0.48750 0.22130 0.48750 0.20833 0.48698 0.19722 0.48594 0.19352 0.48333 0.19167 0.48125 0.19167 0.47865 0.19259 0.47396 0.19722 0.47135 0.19722
11 0.50104 0.16481 0.49948 0.16667 0.49479 0.17500 0.49427 0.17685 0.49375 0.18148 0.49375 0.20556 0.49427 0.21019 0.49531 0.21389 0.49688 0.21574 0.49844 0.21667 0.50104 0.21759 0.50573 0.21759 0.50625 0.21852 0.51042 0.21852 0.51146 0.21759 0.51250 0.21481 0.51302 0.21204 0.51302 0.19815 0.51250 0.17500 0.51198 0.17130 0.51146 0.16944 0.50990 0.16667 0.50781 0.16481 0.50625 0.16389 0.50365 0.16389
11 0.52187 0.11667 0.52031 0.11759 0.51979 0.11944 0.51771 0.13611 0.51615 0.15463 0.51562 0.16759 0.51562 0.17685 0.51615 0.17870 0.51667 0.17963 0.51771 0.18056 0.52031 0.18148 0.52500 0.18241 0.53281 0.18148 0.53333 0.17870 0.53333 0.15463 0.53438 0.14352 0.53646 0.13148 0.53646 0.12500 0.53490 0.12222 0.53333 0.12130 0.52812 0.12037 0.52604 0.11944 0.52396 0.11759
11 0.52708 0.20463 0.52656 0.20556 0.52604 0.20741 0.52604 0.22222 0.52656 0.24722 0.52708 0.25278 0.52760 0.25463 0.52865 0.25648 0.53073 0.25741 0.53490 0.25741 0.53854 0.25926 0.54323 0.25926 0.54427 0.25833 0.54531 0.25463 0.54531 0.24167 0.54479 0.22407 0.54427 0.21389 0.54375 0.20741 0.54271 0.20556 0.54167 0.20463 0.53854 0.20370 0.53229 0.20278 0.52812 0.20370
11 0.53958 0.28981 0.53854 0.29167 0.53802 0.29444 0.53802 0.30556 0.53906 0.32037 0.53906 0.34352 0.53958 0.34815 0.54010 0.35000 0.54115 0.35185 0.54219 0.35278 0.54427 0.35370 0.55052 0.35463 0.55885 0.35463 0.55990 0.35370 0.56042 0.35185 0.56042 0.34259 0.55885 0.33519 0.55833 0.33056 0.55833 0.32500 0.55885 0.31481 0.55833 0.30185 0.55781 0.29815 0.55677 0.29352 0.55573 0.29167 0.55469 0.29074 0.55312 0.28981 0.55000 0.28889 0.54115 0.28889
11 0.56198 0.25370 0.56094 0.25556 0.56042 0.25741 0.56042 0.26944 0.56094 0.27222 0.56250 0.27685 0.56406 0.28704 0.56563 0.29444 0.56875 0.30741 0.57031 0.31019 0.57188 0.31204 0.57292 0.31296 0.57552 0.31389 0.58385 0.31389 0.58646 0.31204 0.58750 0.30833 0.58750 0.29444 0.58646 0.28796 0.58333 0.27778 0.58177 0.27130 0.58125 0.26852 0.58125 0.26574 0.58073 0.26296 0.57917 0.25741 0.57865 0.25648 0.57656 0.25463 0.57344 0.25370 0.56667 0.25278 0.56354 0.25278
11 0.59479 0.28796 0.59323 0.29074 0.59271 0.29352 0.59271 0.29722 0.59323 0.30185 0.59479 0.30741 0.59688 0.31944 0.59792 0.32963 0.59948 0.33981 0.60052 0.34537 0.60260 0.34907 0.60365 0.35000 0.60625 0.35000 0.60677 0.35093 0.61875 0.35000 0.62031 0.34907 0.62135 0.34722 0.62187 0.34352 0.62187 0.33704 0.62135 0.33148 0.61927 0.32130 0.61823 0.31944 0.61354 0.29907 0.61354 0.29630 0.61198 0.29074 0.61146 0.28981 0.61042 0.28889 0.60833 0.28796
11 0.57708 0.34722 0.57656 0.34815 0.57604 0.35000 0.57604 0.36019 0.57708 0.36667 0.57812 0.36944 0.57865 0.37222 0.58021 0.38333 0.58021 0.38796 0.58177 0.40000 0.58229 0.40185 0.58385 0.40556 0.58437 0.40926 0.58490 0.41111 0.58646 0.41389 0.58750 0.41481 0.60313 0.41481 0.60417 0.41389 0.60521 0.41019 0.60521 0.39815 0.60469 0.39074 0.60365 0.38426 0.60104 0.37593 0.60000 0.37037 0.59948 0.36667 0.59896 0.35741 0.59844 0.35370 0.59740 0.35000 0.59583 0.34722 0.59271 0.34630 0.57812 0.34630
11 0.61510 0.38796 0.61406 0.39259 0.61406 0.40370 0.61510 0.41667 0.61615 0.42593 0.61927 0.44074 0.61979 0.45000 0.62031 0.45463 0.62083 0.45648 0.62240 0.45926 0.62344 0.46019 0.63490 0.46019 0.63906 0.45926 0.64115 0.45741 0.64167 0.45648 0.64271 0.45278 0.64323 0.44815 0.64323 0.44630 0.64167 0.43333 0.63854 0.42407 0.63802 0.42130 0.63698 0.41389 0.63698 0.40741 0.63646 0.40185 0.63594 0.39815 0.63490 0.39444 0.63281 0.39074 0.63125 0.38889 0.62917 0.38796 0.62135 0.38611 0.61771 0.38611
11 0.57760 0.20000 0.57708 0.20093 0.57656 0.20278 0.57604 0.20556 0.57604 0.21019 0.57969 0.23889 0.58125 0.24722 0.58229 0.25093 0.58385 0.25370 0.58542 0.25463 0.58854 0.25556 0.59896 0.25556 0.60000 0.25370 0.60052 0.25185 0.60052 0.24259 0.59948 0.23704 0.59740 0.22870 0.59583 0.22500 0.59479 0.21852 0.59427 0.21667 0.59167 0.21019 0.59010 0.20370 0.58802 0.20000 0.58698 0.19907 0.58490 0.19815 0.57969 0.19815
11 0.54740 0.17870 0.54635 0.18056 0.54583 0.18241 0.54583 0.18796 0.54635 0.19074 0.54792 0.19537 0.54896 0.20278 0.55052 0.21019 0.55208 0.21481 0.55312 0.22222 0.55365 0.22407 0.55417 0.22500 0.55521 0.22593 0.55677 0.22685 0.56823 0.22685 0.56927 0.22593 0.56979 0.22500 0.57031 0.22315 0.57031 0.21574 0.56979 0.21296 0.56823 0.20926 0.56719 0.20556 0.56667 0.20000 0.56667 0.19167 0.56615 0.18889 0.56198 0.18148 0.56042 0.17963 0.55937 0.17870 0.55729 0.17778 0.54844 0.17778
11 0.57031 0.12778 0.56927 0.12963 0.56875 0.13241 0.56823 0.13796 0.56771 0.15278 0.56771 0.18148 0.56823 0.18519 0.56875 0.18704 0.56979 0.18889 0.57083 0.18981 0.57812 0.19167 0.58073 0.19167 0.58281 0.19074 0.58385 0.18889 0.58437 0.18704 0.58490 0.18056 0.58490 0.16574 0.58594 0.15648 0.58646 0.14444 0.58646 0.13333 0.58542 0.13148 0.58437 0.13056 0.57969 0.12870 0.57240 0.12685 0.57135 0.12778
11 0.46979 0.10556 0.46667 0.10741 0.46615 0.11111 0.46615 0.11481 0.46354 0.12963 0.46302 0.13889 0.46198 0.14259 0.46042 0.15833 0.46042 0.16759 0.46094 0.16944 0.46354 0.17130 0.47292 0.17407 0.47500 0.17407 0.47708 0.17222 0.47760 0.17037 0.47813 0.16667 0.47917 0.15648 0.47917 0.14815 0.47969 0.14352 0.48125 0.13426 0.48281 0.12037 0.48281 0.11204 0.48177 0.11019 0.48021 0.10926 0.47760 0.10926 0.47292 0.10648
11 0.49115 0.08148 0.49010 0.10926 0.49010 0.12130 0.49062 0.12315 0.49167 0.12500 0.49271 0.12593 0.50104 0.12778 0.50677 0.12778 0.50781 0.12593 0.50833 0.12407 0.50833 0.10648 0.50781 0.10556 0.50781 0.08704 0.50729 0.08519 0.50521 0.08333 0.49531 0.08056 0.49219 0.08056
11 0.51198 0.05648 0.51094 0.05833 0.51042 0.06111 0.51042 0.06852 0.51094 0.09167 0.51146 0.09352 0.51250 0.09537 0.51406 0.09630 0.51667 0.09722 0.52083 0.09815 0.52604 0.09815 0.52760 0.09537 0.52760 0.08611 0.52708 0.07315 0.52656 0.06389 0.52604 0.06111 0.52500 0.05926 0.52292 0.05833 0.51979 0.05833 0.51667 0.05648 0.51406 0.05556 0.51302 0.05556
11 0.54115 0.09167 0.54115 0.10926 0.54219 0.11944 0.54219 0.13056 0.54271 0.13241 0.54375 0.13426 0.54583 0.13519 0.55104 0.13519 0.55573 0.13704 0.55677 0.13704 0.55729 0.13611 0.55885 0.13611 0.55990 0.13426 0.55990 0.12315 0.55833 0.11019 0.55833 0.10278 0.55781 0.09815 0.55729 0.09630 0.55573 0.09352 0.55469 0.09259 0.54948 0.09074 0.54635 0.09074 0.54583 0.08981 0.54323 0.08981
11 0.55729 0.06111 0.55677 0.06296 0.55677 0.07222 0.55729 0.07870 0.55885 0.08704 0.55885 0.09259 0.55937 0.09444 0.56146 0.09815 0.56250 0.09907 0.56563 0.10000 0.56979 0.10093 0.57240 0.10093 0.57448 0.10000 0.57552 0.09815 0.57604 0.09630 0.57604 0.09074 0.57344 0.07222 0.57240 0.06667 0.57083 0.06389 0.56979 0.06296 0.56823 0.06204 0.56510 0.06111 0.56094 0.06019 0.55885 0.06019 0.55833 0.06111
11 0.53229 0.03889 0.53177 0.04074 0.53177 0.05185 0.53229 0.06111 0.53281 0.06759 0.53333 0.07037 0.53490 0.07315 0.53594 0.07407 0.53802 0.07500 0.54323 0.07593 0.54479 0.07593 0.54792 0.07500 0.54896 0.07407 0.54948 0.07222 0.54948 0.06944 0.54896 0.06204 0.54844 0.05741 0.54740 0.05278 0.54740 0.04630 0.54688 0.04352 0.54583 0.04167 0.54479 0.04074 0.54271 0.03981 0.53958 0.03889 0.53542 0.03796 0.53333 0.03796
11 0.54792 0.01204 0.54740 0.01389 0.54740 0.02407 0.54844 0.03148 0.54844 0.04074 0.55000 0.04352 0.55156 0.04444 0.55417 0.04537 0.55729 0.04630 0.56198 0.04630 0.56302 0.04537 0.56354 0.03611 0.56302 0.03056 0.56198 0.02222 0.56146 0.01944 0.56042 0.01574 0.55937 0.01481 0.55781 0.01389 0.55365 0.01204 0.55000 0.01111 0.54896 0.01111
11 0.52292 0.00000 0.52240 0.01296 0.52240 0.01574 0.52292 0.01852 0.52448 0.02130 0.52656 0.02222 0.53281 0.02407 0.53646 0.02222 0.53698 0.02037 0.53750 0.01759 0.53750 0.00000
11 0.50521 0.00926 0.50417 0.01111 0.50365 0.02130 0.50365 0.03704 0.50417 0.03981 0.50521 0.04167 0.50625 0.04259 0.50938 0.04352 0.51615 0.04352 0.51719 0.04259 0.51823 0.04074 0.51875 0.03889 0.51875 0.03241 0.51823 0.01574 0.51771 0.01389 0.51615 0.01111 0.51458 0.01019 0.51198 0.00926 0.50625 0.00833
11 0.48594 0.02778 0.48490 0.02963 0.48438 0.03796 0.48385 0.05093 0.48385 0.05648 0.48438 0.06019 0.48490 0.06204 0.48594 0.06389 0.48698 0.06481 0.49010 0.06574 0.49740 0.06574 0.49896 0.06481 0.50000 0.06296 0.50052 0.06111 0.50052 0.03333 0.50000 0.03148 0.49948 0.03056 0.49844 0.02963 0.49375 0.02778 0.48906 0.02685 0.48698 0.02685
11 0.46302 0.05000 0.46250 0.05833 0.46198 0.07593 0.46198 0.08519 0.46250 0.08704 0.46354 0.08704 0.46406 0.08796 0.46719 0.08889 0.47344 0.08981 0.47500 0.08981 0.47656 0.08889 0.47760 0.08796 0.47813 0.08611 0.47813 0.05278 0.47708 0.05093 0.47448 0.05000 0.47083 0.04907
11 0.44115 0.07222 0.43906 0.07407 0.43802 0.07778 0.43750 0.08148 0.43646 0.09167 0.43333 0.10556 0.43281 0.10833 0.43281 0.11111 0.43385 0.11481 0.43490 0.11574 0.43750 0.11667 0.44219 0.11759 0.44479 0.11944 0.44896 0.11944 0.45000 0.11852 0.45052 0.11667 0.45052 0.11296 0.45156 0.10926 0.45260 0.10093 0.45312 0.09259 0.45469 0.08426 0.45469 0.07685 0.45365 0.07500 0.45208 0.07407 0.44427 0.07222
11 0.41458 0.04537 0.41354 0.04630 0.41302 0.04815 0.41250 0.05093 0.41198 0.05833 0.41146 0.06204 0.40937 0.07222 0.40885 0.07685 0.40885 0.08148 0.40937 0.08333 0.40990 0.08426 0.41094 0.08519 0.41302 0.08611 0.41719 0.08704 0.42135 0.08704 0.42396 0.08611 0.42500 0.08519 0.42604 0.08333 0.42656 0.08148 0.42917 0.06019 0.42969 0.05463 0.42969 0.05000 0.42917 0.04815 0.42708 0.04630 0.42448 0.04537 0.41719 0.04444 0.41615 0.04444
11 0.38802 0.07407 0.38698 0.07593 0.38646 0.07778 0.38594 0.08056 0.38542 0.08426 0.38490 0.09259 0.38177 0.11204 0.38177 0.11759 0.38229 0.11944 0.38333 0.12130 0.38490 0.12222 0.38854 0.12222 0.39219 0.12407 0.39844 0.12407 0.39948 0.12222 0.40000 0.11944 0.40208 0.10185 0.40365 0.08611 0.40365 0.07778 0.40260 0.07593 0.40104 0.07500 0.39635 0.07407
11 0.36823 0.05278 0.36615 0.05648 0.36562 0.06204 0.36510 0.06481 0.36250 0.07500 0.35938 0.08426 0.35938 0.08889 0.35990 0.09074 0.36094 0.09259 0.36510 0.09444 0.36927 0.09444 0.37240 0.09630 0.37344 0.09630 0.37396 0.09537 0.37552 0.09537 0.37708 0.09259 0.37812 0.08889 0.38177 0.07315 0.38281 0.06759 0.38333 0.06389 0.38333 0.05648 0.38281 0.05556 0.38177 0.05463 0.37865 0.05370 0.37344 0.05370 0.37292 0.05278
11 0.39219 0.02315 0.39115 0.02407 0.39062 0.02500 0.38958 0.02870 0.38906 0.03148 0.38906 0.03426 0.38854 0.03704 0.38750 0.04167 0.38646 0.04352 0.38490 0.05093 0.38490 0.05370 0.38542 0.05648 0.38698 0.05926 0.38906 0.06019 0.39427 0.06111 0.39740 0.06111 0.39948 0.06019 0.40156 0.05648 0.40313 0.05093 0.40469 0.03796 0.40677 0.03056 0.40677 0.02870 0.40625 0.02685 0.40521 0.02500 0.40313 0.02407 0.39896 0.02315
11 0.37292 0.00463 0.37083 0.00648 0.37031 0.00833 0.36979 0.01111 0.36927 0.01574 0.36615 0.02593 0.36510 0.03056 0.36510 0.03611 0.36562 0.03796 0.36667 0.03889 0.36823 0.03981 0.37083 0.04074 0.37865 0.04074 0.38021 0.03981 0.38177 0.03704 0.38281 0.03426 0.38333 0.03241 0.38385 0.02870 0.38542 0.02037 0.38646 0.01296 0.38594 0.00741 0.38490 0.00648 0.38281 0.00556 0.37865 0.00463
11 0.41406 0.00000 0.41354 0.00278 0.41198 0.00926 0.41198 0.01204 0.41094 0.01667 0.40885 0.02315 0.40885 0.02685 0.40990 0.03056 0.41198 0.03241 0.41458 0.03333 0.41979 0.03333 0.42240 0.03241 0.42344 0.03148 0.42448 0.02963 0.42552 0.02593 0.42656 0.02037 0.42656 0.01759 0.42708 0.01481 0.42812 0.01204 0.42865 0.00926 0.42917 0.00556 0.42917 0.00000
11 0.45260 0.02407 0.44948 0.02407 0.44531 0.02222 0.44167 0.02222 0.43958 0.02407 0.43906 0.02685 0.43750 0.03241 0.43542 0.03796 0.43229 0.04352 0.43177 0.04537 0.43177 0.05185 0.43281 0.05370 0.43698 0.05741 0.44115 0.05926 0.44427 0.05926 0.44583 0.05833 0.44792 0.05463 0.44896 0.05185 0.45469 0.03148 0.45469 0.02778 0.45417 0.02593 0.45365 0.02500
11 0.45885 0.00000 0.45885 0.01481 0.45937 0.02870 0.45990 0.03056 0.46094 0.03241 0.46250 0.03333 0.47187 0.03333 0.47396 0.03148 0.47448 0.02870 0.47448 0.02315 0.47344 0.01574 0.47344 0.00556 0.47292 0.00463 0.47292 0.00000
11 0.48229 0.94815 0.48177 0.95000 0.48177 0.96481 0.48073 0.97778 0.48021 0.99259 0.48021 0.99722 0.48073 0.99907 0.50938 0.99815 0.51042 0.96389 0.51042 0.95278 0.50990 0.95093 0.50729 0.94907 0.49844 0.94815 0.49062 0.94815 0.49010 0.94722
11 0.38906 0.97685 0.38958 0.99722 0.39062 0.99907 0.42031 0.99815 0.42031 0.99167 0.41979 0.97870 0.41927 0.97685 0.41771 0.97685 0.41719 0.97593 0.39948 0.97593 0.39323 0.97407 0.39167 0.97407 0.39010 0.97500
11 0.66615 0.91204 0.66406 0.91204 0.66042 0.91481 0.65417 0.91852 0.64583 0.92130 0.64479 0.92222 0.64323 0.92500 0.64323 0.93056 0.64427 0.93611 0.64479 0.94722 0.64583 0.95741 0.64687 0.96111 0.64687 0.96481 0.64844 0.97500 0.65000 0.98056 0.65052 0.98333 0.65156 0.99259 0.65260 0.99722 0.65365 0.99907 0.67292 0.99907 0.67552 0.99722 0.67812 0.99259 0.67812 0.98519 0.67760 0.98148 0.67656 0.97778 0.67604 0.97037 0.67031 0.93426 0.67031 0.93056 0.66823 0.91759 0.66719 0.91389
11 0.63958 0.98981 0.63906 0.98704 0.63854 0.98519 0.63646 0.98333 0.62969 0.98333 0.62917 0.98426 0.62187 0.98426 0.61667 0.98519 0.61458 0.98611 0.61354 0.98704 0.61198 0.98981 0.61198 0.99722 0.61250 0.99907 0.63906 0.99907 0.63958 0.99722
