11 0.35104 0.46852 0.34948 0.46944 0.34844 0.47130 0.34792 0.47315 0.34740 0.47685 0.34687 0.48796 0.34687 0.50185 0.34219 0.53889 0.34219 0.55741 0.34271 0.56019 0.34427 0.56296 0.34948 0.56574 0.36146 0.56759 0.36615 0.56667 0.36875 0.56204 0.36927 0.55926 0.36979 0.55185 0.37031 0.53333 0.37135 0.52500 0.37188 0.50556 0.37344 0.48889 0.37344 0.47407 0.37240 0.47130 0.37135 0.47037 0.36927 0.46944 0.36250 0.46852
11 0.38385 0.52870 0.38281 0.52963 0.38125 0.53241 0.38021 0.53704 0.38021 0.55370 0.37969 0.56944 0.37917 0.57870 0.37812 0.58519 0.37760 0.59537 0.37708 0.61204 0.37708 0.62222 0.37760 0.62407 0.37865 0.62593 0.38802 0.63056 0.39167 0.62963 0.40052 0.63056 0.40208 0.62963 0.40365 0.62778 0.40469 0.62407 0.40521 0.62037 0.40521 0.53611 0.40469 0.53241 0.40365 0.53056 0.40156 0.52963 0.39375 0.52870
11 0.42552 0.59074 0.42396 0.59259 0.42292 0.59722 0.42240 0.60833 0.42188 0.63796 0.42188 0.67407 0.42083 0.68611 0.42083 0.69444 0.42135 0.69630 0.42344 0.69815 0.42865 0.69815 0.44167 0.70185 0.44740 0.70185 0.44844 0.69907 0.44948 0.68241 0.44948 0.63889 0.44844 0.62130 0.44844 0.61204 0.44896 0.60463 0.45000 0.60093 0.45000 0.59444 0.44896 0.59259 0.44740 0.59167 0.43854 0.59074
11 0.35313 0.63426 0.35052 0.63704 0.34844 0.63704 0.34635 0.63889 0.34531 0.64259 0.34479 0.65463 0.34479 0.68333 0.34375 0.70926 0.34323 0.74259 0.34427 0.74630 0.34531 0.74722 0.35156 0.74907 0.35521 0.74907 0.35885 0.75000 0.36250 0.75185 0.36615 0.75278 0.37031 0.75278 0.37135 0.75185 0.37188 0.75000 0.37240 0.70463 0.37188 0.67963 0.37240 0.66667 0.37344 0.65926 0.37344 0.64074 0.37240 0.63796 0.37031 0.63611 0.36771 0.63519
11 0.38229 0.70370 0.38125 0.70463 0.38021 0.70648 0.37969 0.71204 0.38021 0.72685 0.38125 0.73611 0.38177 0.75278 0.38177 0.80463 0.38229 0.80648 0.38438 0.80833 0.40833 0.80926 0.40937 0.80833 0.40990 0.77870 0.40937 0.76759 0.40833 0.75648 0.40833 0.74259 0.40729 0.73426 0.40729 0.72407 0.40677 0.71204 0.40625 0.70741 0.40573 0.70556 0.40469 0.70370 0.40208 0.70278
11 0.35260 0.80648 0.35156 0.80741 0.35052 0.80926 0.35000 0.81111 0.34948 0.81667 0.34948 0.82315 0.34896 0.82963 0.34583 0.85093 0.34583 0.85741 0.34427 0.86667 0.34375 0.87130 0.34323 0.88148 0.34167 0.88981 0.34010 0.90370 0.34010 0.90926 0.34063 0.91111 0.34167 0.91204 0.34531 0.91296 0.35208 0.91759 0.36510 0.92407 0.36823 0.92500 0.36927 0.92407 0.37031 0.92222 0.37083 0.91944 0.37135 0.91296 0.37135 0.90741 0.37240 0.90185 0.37240 0.89537 0.37344 0.88611 0.37500 0.87685 0.37604 0.86481 0.37708 0.84444 0.37760 0.83796 0.37917 0.82593 0.37917 0.81759 0.37865 0.81574 0.37760 0.81389 0.37500 0.81296 0.36719 0.81204 0.35833 0.80926 0.35417 0.80648
11 0.38698 0.86111 0.38594 0.86204 0.38490 0.86481 0.38542 0.89259 0.38646 0.90833 0.38698 0.93981 0.38646 0.96759 0.38698 0.97037 0.38802 0.97222 0.38906 0.97315 0.39948 0.97500 0.41042 0.97593 0.41615 0.97500 0.41719 0.97315 0.41719 0.95370 0.41667 0.93056 0.41563 0.91944 0.41510 0.88981 0.41406 0.87685 0.41406 0.86481 0.41354 0.86296 0.41146 0.86111
11 0.43021 0.75648 0.42969 0.75926 0.42969 0.81019 0.42865 0.83148 0.42812 0.86019 0.42917 0.86389 0.43021 0.86481 0.43490 0.86574 0.44219 0.86574 0.44583 0.86759 0.44948 0.86852 0.45521 0.86852 0.45677 0.86574 0.45729 0.86111 0.45781 0.82963 0.45781 0.78333 0.45729 0.75926 0.45677 0.75741 0.45521 0.75556
11 0.44010 0.93519 0.43906 0.93981 0.43906 0.94722 0.43750 0.95926 0.43698 0.96574 0.43646 0.97963 0.43594 0.98611 0.43490 0.99167 0.43490 0.99907 0.46458 0.99907 0.46510 0.99722 0.46563 0.99259 0.46615 0.98519 0.46667 0.97130 0.46875 0.95000 0.46875 0.94352 0.46823 0.94167 0.46771 0.94074 0.46667 0.93981 0.45833 0.93704 0.45365 0.93611 0.44844 0.93611 0.44375 0.93426 0.44219 0.93426 0.44167 0.93519
11 0.48021 0.83333 0.47917 0.83426 0.47813 0.83796 0.47760 0.84352 0.47708 0.85463 0.47708 0.87037 0.47604 0.89259 0.47500 0.90185 0.47500 0.91111 0.47448 0.92037 0.47344 0.92685 0.47344 0.93426 0.47240 0.93981 0.47240 0.94167 0.47344 0.94630 0.47656 0.94815 0.48438 0.94815 0.49688 0.95093 0.49740 0.95185 0.50000 0.95185 0.50104 0.95093 0.50208 0.94722 0.50208 0.92593 0.50313 0.91944 0.50365 0.91204 0.50365 0.89444 0.50469 0.87963 0.50469 0.87407 0.50417 0.86481 0.50469 0.84074 0.50365 0.83889 0.50260 0.83796 0.49740 0.83796 0.48958 0.83611 0.48385 0.83333
11 0.54479 0.91111 0.54063 0.91111 0.53333 0.91389 0.52812 0.91481 0.52240 0.91481 0.52083 0.91574 0.51927 0.91852 0.51927 0.92870 0.51979 0.93981 0.52240 0.96944 0.52240 0.97778 0.52344 0.99074 0.52396 0.99167 0.52396 0.99630 0.52448 0.99722 0.52448 0.99907 0.55208 0.99815 0.55208 0.99167 0.55156 0.98056 0.55104 0.97407 0.55000 0.96852 0.54948 0.96204 0.54948 0.95093 0.54896 0.94167 0.54740 0.93148 0.54688 0.92593 0.54688 0.91667 0.54635 0.91389
11 0.51458 0.73704 0.51406 0.73889 0.51354 0.76389 0.51406 0.78056 0.51510 0.79537 0.51510 0.82407 0.51406 0.83241 0.51406 0.84074 0.51510 0.84259 0.51667 0.84352 0.52708 0.84444 0.53906 0.84444 0.54010 0.84352 0.54063 0.84167 0.54063 0.79074 0.53958 0.76111 0.54010 0.74259 0.53958 0.74167 0.53958 0.73981 0.53698 0.73796 0.51771 0.73519
11 0.58021 0.82870 0.57396 0.82870 0.56771 0.83056 0.55937 0.83056 0.55729 0.83241 0.55677 0.83426 0.55677 0.83981 0.55833 0.85278 0.56094 0.89074 0.56094 0.90278 0.56198 0.91481 0.56198 0.93519 0.56250 0.93889 0.56354 0.94074 0.57083 0.94074 0.58594 0.93796 0.58906 0.93611 0.59010 0.93241 0.59010 0.92037 0.58958 0.91204 0.58854 0.90463 0.58802 0.88796 0.58646 0.86574 0.58437 0.85185 0.58333 0.84074 0.58333 0.83426 0.58281 0.83148 0.58177 0.82963
11 0.47083 0.66667 0.46927 0.66759 0.46823 0.66944 0.46771 0.67130 0.46719 0.67778 0.46719 0.68426 0.46615 0.69444 0.46510 0.69907 0.46406 0.71019 0.46302 0.72963 0.46302 0.74074 0.46250 0.75000 0.46146 0.75648 0.46146 0.76296 0.45990 0.77222 0.45990 0.77685 0.46042 0.77870 0.46146 0.78056 0.46458 0.78148 0.46927 0.78148 0.47552 0.78333 0.48125 0.78611 0.48385 0.78611 0.48490 0.78519 0.48594 0.78056 0.48646 0.77315 0.48646 0.76481 0.48698 0.75556 0.48802 0.74907 0.48802 0.74167 0.49010 0.72130 0.49271 0.70093 0.49427 0.69352 0.49479 0.68704 0.49479 0.68148 0.49427 0.67963 0.49167 0.67593 0.49115 0.66944 0.49010 0.66759 0.48750 0.66667
11 0.59010 0.73796 0.58906 0.73889 0.58854 0.75926 0.58958 0.77037 0.58958 0.78241 0.59115 0.80648 0.59271 0.81852 0.59271 0.82500 0.59375 0.83519 0.59479 0.83981 0.60260 0.84074 0.61719 0.83704 0.61823 0.83611 0.61927 0.83426 0.61927 0.82500 0.61719 0.80000 0.61615 0.79537 0.61510 0.78241 0.61510 0.77315 0.61458 0.76481 0.61198 0.73981 0.61094 0.73796
11 0.55000 0.66667 0.54896 0.66759 0.54792 0.66944 0.54635 0.67407 0.54583 0.67778 0.54531 0.69537 0.54531 0.70741 0.54583 0.72222 0.54688 0.73056 0.54688 0.73981 0.54792 0.74537 0.54948 0.76944 0.55052 0.77407 0.55156 0.77500 0.55469 0.77500 0.56094 0.77315 0.56771 0.77315 0.57240 0.77222 0.57448 0.77130 0.57552 0.77037 0.57604 0.76852 0.57604 0.76204 0.57500 0.74907 0.57396 0.74352 0.57240 0.72500 0.57188 0.70741 0.57240 0.67500 0.57135 0.67037 0.56823 0.66481 0.56406 0.66389 0.55729 0.66389 0.55312 0.66481
11 0.60573 0.90741 0.60469 0.91019 0.60417 0.91389 0.60417 0.92222 0.60469 0.93148 0.60573 0.93981 0.60573 0.95370 0.60677 0.96111 0.60729 0.98333 0.60833 0.98889 0.60833 0.99722 0.60938 0.99907 0.63542 0.99815 0.63542 0.99167 0.63490 0.98611 0.63385 0.98148 0.63177 0.94167 0.63073 0.93611 0.63021 0.92963 0.63021 0.92130 0.62969 0.91111 0.62917 0.90741 0.62865 0.90556 0.62708 0.90370 0.61979 0.90370 0.60938 0.90556 0.60677 0.90648
11 0.65469 0.81667 0.65208 0.81667 0.63490 0.82222 0.63229 0.82407 0.63177 0.82685 0.63177 0.83056 0.63385 0.84722 0.63490 0.85093 0.63542 0.85463 0.63594 0.86204 0.63698 0.86944 0.63906 0.87870 0.64010 0.88519 0.64010 0.88981 0.64219 0.90463 0.64479 0.91852 0.64531 0.92037 0.64687 0.92222 0.65104 0.92130 0.65469 0.91944 0.66667 0.91204 0.66927 0.90926 0.67031 0.90648 0.67031 0.90463 0.66875 0.89907 0.66823 0.89537 0.66771 0.88796 0.66615 0.87778 0.66458 0.87130 0.66406 0.86481 0.66250 0.85556 0.66042 0.84630 0.65729 0.82685 0.65729 0.82315 0.65625 0.81852
11 0.69010 0.85185 0.68854 0.85185 0.68646 0.85278 0.68437 0.85463 0.67656 0.85833 0.67396 0.85833 0.67135 0.86019 0.66979 0.86296 0.66927 0.86481 0.66927 0.87407 0.67083 0.88426 0.67292 0.89074 0.67812 0.91667 0.67917 0.92315 0.67917 0.92685 0.68073 0.93426 0.68125 0.93796 0.68177 0.94722 0.68229 0.95093 0.68281 0.95278 0.68437 0.95556 0.68698 0.95556 0.68958 0.95463 0.69583 0.94907 0.69844 0.94722 0.70365 0.94444 0.70573 0.94259 0.70677 0.94074 0.70677 0.93241 0.70573 0.92870 0.70521 0.92037 0.70417 0.91574 0.70208 0.91019 0.70104 0.90556 0.69792 0.88889 0.69531 0.86852 0.69271 0.85556 0.69115 0.85278
11 0.66406 0.73056 0.66302 0.73148 0.66198 0.73611 0.66198 0.74815 0.66302 0.75926 0.66302 0.77222 0.66406 0.78148 0.66458 0.80556 0.66406 0.81296 0.66406 0.81759 0.66458 0.82315 0.66667 0.82593 0.67240 0.82500 0.67656 0.82315 0.68125 0.82315 0.68490 0.82222 0.68750 0.82037 0.68854 0.81759 0.68854 0.80278 0.68802 0.78889 0.68750 0.78148 0.68646 0.77500 0.68594 0.75833 0.68594 0.74259 0.68542 0.73519 0.68490 0.73426 0.68490 0.73148 0.68385 0.73056 0.68073 0.72963
11 0.64167 0.67500 0.63385 0.67500 0.62292 0.67685 0.62083 0.67870 0.62031 0.68056 0.62031 0.69167 0.62135 0.70741 0.62344 0.72685 0.62500 0.73889 0.62604 0.74259 0.62656 0.74630 0.62708 0.75278 0.62708 0.76019 0.62760 0.76759 0.62865 0.77222 0.63021 0.77407 0.63229 0.77407 0.63281 0.77315 0.63854 0.77222 0.64844 0.76852 0.65104 0.76667 0.65208 0.76389 0.65208 0.75648 0.65052 0.74815 0.65000 0.74352 0.65000 0.73889 0.64792 0.72315 0.64583 0.71204 0.64427 0.69259 0.64271 0.67870
11 0.64479 0.55833 0.64375 0.55926 0.64323 0.56111 0.64323 0.57778 0.64375 0.58333 0.64740 0.59907 0.64896 0.60741 0.65156 0.62685 0.65260 0.63889 0.65365 0.64352 0.65469 0.64537 0.65729 0.64722 0.66042 0.64722 0.66979 0.64444 0.67292 0.64259 0.67448 0.64074 0.67708 0.63611 0.67708 0.62778 0.67552 0.62315 0.67500 0.62037 0.67448 0.61204 0.67396 0.60833 0.67188 0.59815 0.67031 0.59352 0.66823 0.58333 0.66667 0.57130 0.66458 0.56111 0.66354 0.55926 0.66354 0.55833 0.66302 0.55741 0.66198 0.55648 0.65729 0.55648 0.64687 0.55741
11 0.60573 0.51759 0.60521 0.51852 0.60417 0.52315 0.60417 0.53056 0.60521 0.54167 0.60677 0.54815 0.60729 0.55185 0.60885 0.57407 0.61042 0.58519 0.61198 0.59167 0.61250 0.60000 0.61302 0.60185 0.61458 0.60463 0.61562 0.60556 0.62396 0.60556 0.63073 0.60463 0.63490 0.60185 0.63594 0.60000 0.63594 0.58611 0.63542 0.58056 0.63438 0.57222 0.63333 0.56852 0.63229 0.56019 0.63229 0.55463 0.63125 0.54630 0.62917 0.53519 0.62708 0.52870 0.62656 0.52315 0.62604 0.52130 0.62396 0.51759 0.62240 0.51667 0.60677 0.51667
11 0.58333 0.58796 0.58229 0.58981 0.58177 0.59352 0.58177 0.66389 0.58073 0.67222 0.58073 0.68241 0.58177 0.68426 0.58385 0.68519 0.60417 0.68519 0.60521 0.68426 0.60625 0.68056 0.60625 0.59722 0.60573 0.59352 0.60521 0.59167 0.60365 0.58981 0.60208 0.58889 0.59896 0.58796 0.58802 0.58704
11 0.50313 0.58333 0.50208 0.58611 0.50208 0.60833 0.50260 0.61759 0.50417 0.63426 0.50417 0.64352 0.50573 0.66019 0.50573 0.67593 0.50625 0.68241 0.50677 0.68426 0.50781 0.68611 0.50990 0.68796 0.51302 0.68889 0.53021 0.68796 0.53125 0.68611 0.53177 0.68611 0.53281 0.68241 0.53281 0.65463 0.53125 0.64537 0.53125 0.63704 0.53021 0.62315 0.52917 0.61667 0.52917 0.61019 0.52865 0.60370 0.52760 0.59815 0.52760 0.59167 0.52708 0.58611 0.52656 0.58426 0.52500 0.58148 0.52292 0.58056 0.50938 0.58056 0.50573 0.58148
11 0.53542 0.51296 0.53438 0.51481 0.53385 0.51667 0.53385 0.52870 0.53438 0.55278 0.53594 0.57500 0.53594 0.59537 0.53698 0.60370 0.53802 0.60741 0.53854 0.60833 0.54063 0.61019 0.54583 0.61019 0.55990 0.60833 0.56094 0.60741 0.56302 0.60370 0.56354 0.60093 0.56354 0.59259 0.56302 0.58519 0.56198 0.57593 0.55885 0.55278 0.55833 0.54722 0.55833 0.54167 0.55729 0.53056 0.55521 0.51852 0.55365 0.51574 0.55260 0.51481 0.55052 0.51389 0.54323 0.51296
11 0.56406 0.44722 0.56198 0.44907 0.56146 0.45000 0.56042 0.45370 0.55990 0.45741 0.55990 0.46667 0.56094 0.47500 0.56094 0.48519 0.56146 0.49352 0.56250 0.50093 0.56250 0.52037 0.56302 0.52500 0.56406 0.52870 0.56458 0.52963 0.56563 0.53056 0.56771 0.53148 0.57812 0.53241 0.58177 0.53241 0.58385 0.53148 0.58490 0.52963 0.58594 0.52222 0.58594 0.51111 0.58490 0.47500 0.58385 0.46019 0.58281 0.45370 0.58073 0.45000 0.57969 0.44907 0.57760 0.44815 0.57344 0.44722
11 0.58542 0.39259 0.58385 0.39537 0.58333 0.39722 0.58333 0.40833 0.58385 0.41111 0.58750 0.42407 0.58906 0.43333 0.59010 0.44352 0.59323 0.45741 0.59479 0.46296 0.59688 0.46667 0.60000 0.46944 0.60260 0.47037 0.60365 0.47037 0.60677 0.46944 0.61094 0.46759 0.61458 0.46481 0.61615 0.46204 0.61667 0.46019 0.61667 0.45093 0.61615 0.44815 0.61510 0.44444 0.61406 0.44259 0.61302 0.43889 0.61198 0.43333 0.61198 0.42963 0.61094 0.42315 0.60729 0.41111 0.60677 0.40833 0.60625 0.40278 0.60469 0.39537 0.60313 0.39259 0.60104 0.39074 0.59896 0.38981 0.59479 0.38889 0.59062 0.38889 0.58750 0.39074
11 0.62604 0.44630 0.62448 0.44907 0.62396 0.45185 0.62396 0.46019 0.62708 0.48611 0.62865 0.49259 0.63073 0.50741 0.63073 0.51204 0.63229 0.52222 0.63333 0.52593 0.63438 0.52685 0.64687 0.52685 0.65104 0.52593 0.65365 0.52130 0.65417 0.51944 0.65417 0.50926 0.65052 0.48148 0.64948 0.47500 0.64792 0.47037 0.64687 0.46481 0.64531 0.45093 0.64375 0.44815 0.64167 0.44630 0.62969 0.44537
11 0.60208 0.31481 0.60104 0.31667 0.60052 0.31852 0.60052 0.32778 0.60260 0.34259 0.60469 0.35278 0.60521 0.35648 0.60573 0.36667 0.60625 0.37130 0.60729 0.37593 0.60833 0.37778 0.60938 0.37870 0.61146 0.37963 0.61823 0.38056 0.62031 0.38056 0.62604 0.37963 0.62708 0.37870 0.62813 0.37685 0.62865 0.37315 0.62865 0.36759 0.62813 0.36111 0.62656 0.35278 0.62135 0.33519 0.61979 0.32778 0.61927 0.32222 0.61771 0.31667 0.61562 0.31296 0.61458 0.31204 0.60729 0.31204 0.60469 0.31296
11 0.56927 0.28796 0.56771 0.29074 0.56719 0.29259 0.56719 0.29815 0.56771 0.30370 0.56927 0.31667 0.57448 0.34444 0.57604 0.35093 0.57656 0.35185 0.57865 0.35370 0.58490 0.35370 0.58542 0.35463 0.59115 0.35463 0.59375 0.35370 0.59479 0.35185 0.59531 0.35000 0.59583 0.34537 0.59583 0.33889 0.59531 0.33426 0.59427 0.32870 0.59115 0.31852 0.58854 0.30833 0.58802 0.30278 0.58594 0.29444 0.58490 0.29167 0.58385 0.28981 0.58125 0.28796 0.57500 0.28704 0.57083 0.28704
11 0.54531 0.32870 0.54479 0.33056 0.54427 0.33426 0.54427 0.36296 0.54479 0.37222 0.54635 0.38426 0.54635 0.39074 0.54688 0.39352 0.54844 0.39630 0.55104 0.39815 0.55833 0.40000 0.56667 0.40000 0.56771 0.39815 0.56823 0.39630 0.56875 0.39074 0.56875 0.37870 0.56823 0.36944 0.56667 0.35093 0.56510 0.33611 0.56406 0.33148 0.56302 0.32963 0.55365 0.32685 0.54792 0.32685
11 0.52396 0.38519 0.52187 0.38889 0.52135 0.39167 0.52187 0.41852 0.52187 0.43519 0.52135 0.45556 0.52240 0.46296 0.52292 0.46481 0.52344 0.46574 0.52604 0.46759 0.52917 0.46852 0.53542 0.46852 0.53594 0.46944 0.54167 0.46944 0.54271 0.46759 0.54323 0.46574 0.54375 0.46296 0.54427 0.45556 0.54427 0.45093 0.54323 0.42593 0.54375 0.41111 0.54375 0.40000 0.54323 0.39444 0.54271 0.39259 0.54219 0.39167 0.53594 0.38611 0.53073 0.38426 0.52552 0.38426
11 0.49010 0.43981 0.48906 0.44352 0.48906 0.45185 0.48958 0.45278 0.49010 0.46296 0.49010 0.47870 0.49115 0.48889 0.49167 0.50463 0.49115 0.51389 0.49167 0.52222 0.49323 0.52685 0.49531 0.52870 0.49740 0.52963 0.50313 0.53056 0.51354 0.53056 0.51458 0.52963 0.51562 0.52593 0.51615 0.51111 0.51615 0.50000 0.51562 0.49537 0.51458 0.49167 0.51406 0.48704 0.51406 0.48148 0.51302 0.47593 0.51250 0.46944 0.51250 0.45833 0.51198 0.44722 0.51146 0.44352 0.51094 0.44167 0.51042 0.44074 0.50938 0.43981 0.50729 0.43889 0.49896 0.43796 0.49271 0.43796
11 0.46146 0.51019 0.46042 0.51111 0.45990 0.51296 0.45937 0.51759 0.45833 0.54167 0.45833 0.56389 0.45729 0.57315 0.45677 0.58426 0.45677 0.60000 0.45729 0.60463 0.45833 0.60741 0.46198 0.61019 0.46406 0.61111 0.47240 0.61204 0.47917 0.61204 0.48073 0.61111 0.48229 0.60833 0.48281 0.60648 0.48281 0.58611 0.48385 0.57500 0.48438 0.54907 0.48438 0.52315 0.48385 0.51667 0.48333 0.51481 0.48177 0.51296 0.47500 0.51296 0.47031 0.51204 0.46667 0.51019
11 0.42083 0.44074 0.41979 0.44167 0.41875 0.44444 0.41823 0.44722 0.41771 0.45370 0.41719 0.52593 0.41823 0.52870 0.42083 0.53056 0.42344 0.53148 0.42865 0.53241 0.43958 0.53241 0.44062 0.53148 0.44167 0.52778 0.44219 0.52315 0.44219 0.47593 0.44323 0.46019 0.44323 0.45463 0.44219 0.44630 0.44167 0.44444 0.43958 0.44074 0.43646 0.43981 0.42344 0.43981
11 0.45833 0.37963 0.45625 0.38056 0.45469 0.38333 0.45312 0.39074 0.45208 0.40000 0.45208 0.40556 0.45052 0.41574 0.44896 0.43333 0.44844 0.44907 0.44792 0.45000 0.44792 0.45648 0.44844 0.46019 0.44896 0.46204 0.44948 0.46296 0.45156 0.46481 0.45312 0.46574 0.46042 0.46667 0.46719 0.46667 0.46979 0.46481 0.47031 0.46296 0.47187 0.45093 0.47240 0.44444 0.47292 0.42963 0.47344 0.42315 0.47500 0.41111 0.47552 0.38704 0.47448 0.38241 0.47240 0.38056 0.47083 0.37963
11 0.38333 0.39074 0.38125 0.39259 0.37969 0.39537 0.37865 0.40185 0.37760 0.41574 0.37708 0.42685 0.37708 0.44074 0.37604 0.44722 0.37552 0.45463 0.37552 0.46481 0.37656 0.46944 0.37708 0.47037 0.37760 0.47037 0.37865 0.47222 0.38073 0.47407 0.38385 0.47593 0.38906 0.47778 0.39687 0.47778 0.39792 0.47685 0.39896 0.47500 0.40000 0.47130 0.40052 0.46852 0.40104 0.45926 0.40156 0.43889 0.40156 0.42037 0.40260 0.40556 0.40260 0.40000 0.40156 0.39537 0.40052 0.39352 0.39948 0.39259 0.39740 0.39167 0.39323 0.39074
11 0.35417 0.34630 0.35313 0.34722 0.35156 0.35000 0.34948 0.35741 0.34844 0.36389 0.34583 0.38796 0.34479 0.40556 0.34531 0.41852 0.34583 0.42037 0.34687 0.42222 0.34792 0.42315 0.35313 0.42315 0.35833 0.42500 0.36354 0.42593 0.36562 0.42593 0.36771 0.42500 0.36875 0.42315 0.36927 0.42037 0.37031 0.40741 0.37031 0.40000 0.37135 0.38981 0.37240 0.38611 0.37292 0.37593 0.37292 0.35278 0.37188 0.34907 0.37083 0.34815 0.36875 0.34722 0.36406 0.34722 0.35938 0.34537 0.35677 0.34537
11 0.38542 0.27870 0.38333 0.28056 0.38177 0.28333 0.38073 0.28704 0.37969 0.29352 0.37917 0.29815 0.37812 0.31296 0.37760 0.32778 0.37760 0.34537 0.37917 0.34815 0.38021 0.34907 0.38542 0.35093 0.39010 0.35093 0.39062 0.35185 0.39479 0.35185 0.39740 0.35093 0.39896 0.34815 0.39948 0.34444 0.39948 0.32037 0.40052 0.29907 0.40052 0.28519 0.40000 0.28241 0.39844 0.27963 0.39740 0.27870 0.39479 0.27778 0.38750 0.27778
11 0.35677 0.24167 0.35521 0.24444 0.35469 0.24815 0.35365 0.26111 0.35104 0.27593 0.35052 0.28056 0.35000 0.28704 0.35000 0.28981 0.35052 0.29907 0.35104 0.30093 0.35208 0.30278 0.35469 0.30370 0.35885 0.30463 0.36562 0.30556 0.36979 0.30556 0.37188 0.30370 0.37240 0.30185 0.37240 0.29352 0.37292 0.28519 0.37396 0.27963 0.37448 0.27315 0.37448 0.26111 0.37552 0.25463 0.37552 0.24537 0.37500 0.24352 0.37448 0.24259 0.37344 0.24167 0.37031 0.24074 0.35833 0.24074
11 0.39844 0.19722 0.39687 0.19630 0.39271 0.19537 0.39115 0.19537 0.38490 0.19630 0.38281 0.19815 0.38177 0.20000 0.38073 0.20370 0.38021 0.20648 0.37812 0.22037 0.37708 0.23611 0.37708 0.24352 0.37812 0.24815 0.37865 0.24815 0.37969 0.25000 0.38438 0.25278 0.39583 0.25278 0.39687 0.25185 0.39792 0.25000 0.39896 0.24722 0.39948 0.24167 0.40000 0.23056 0.40000 0.22037 0.40104 0.20833 0.40156 0.20741 0.40156 0.20370 0.40052 0.20000 0.39948 0.19815
11 0.35833 0.16296 0.35729 0.16389 0.35573 0.16667 0.35469 0.17315 0.35208 0.19722 0.35208 0.21111 0.35260 0.21296 0.35469 0.21481 0.35625 0.21574 0.36042 0.21667 0.37031 0.21667 0.37135 0.21574 0.37188 0.21389 0.37292 0.20741 0.37344 0.20278 0.37344 0.19722 0.37552 0.18519 0.37656 0.17685 0.37656 0.16852 0.37604 0.16667 0.37500 0.16481 0.37396 0.16389 0.36979 0.16296 0.36510 0.16296 0.36458 0.16204 0.36042 0.16204
11 0.38698 0.11019 0.38594 0.11111 0.38490 0.11296 0.38438 0.11667 0.38281 0.13056 0.38229 0.14074 0.38073 0.15000 0.38021 0.15463 0.38021 0.16389 0.38125 0.16667 0.38385 0.16852 0.39010 0.17037 0.39687 0.17037 0.39792 0.16944 0.39844 0.16852 0.39896 0.16667 0.39948 0.16296 0.39948 0.15463 0.40052 0.14259 0.40156 0.13704 0.40260 0.12593 0.40260 0.12037 0.40313 0.11944 0.40313 0.11481 0.40208 0.11296 0.40104 0.11204 0.39844 0.11111 0.39271 0.11019
11 0.36562 0.07685 0.36458 0.07778 0.36354 0.08056 0.36198 0.08611 0.36146 0.09074 0.35990 0.09537 0.35885 0.10000 0.35781 0.10741 0.35521 0.11574 0.35521 0.12407 0.35729 0.12778 0.36042 0.13056 0.36719 0.13241 0.37083 0.13241 0.37188 0.13148 0.37240 0.13056 0.37292 0.12870 0.37604 0.11296 0.37604 0.11019 0.38073 0.08611 0.38125 0.08426 0.38021 0.07963 0.37865 0.07870 0.37083 0.07685
11 0.39062 0.04352 0.38958 0.04537 0.38906 0.04815 0.38854 0.05278 0.38698 0.05926 0.38594 0.06296 0.38438 0.06667 0.38281 0.07222 0.38281 0.07593 0.38333 0.07685 0.38333 0.07870 0.38542 0.08056 0.38906 0.08241 0.39167 0.08333 0.39792 0.08333 0.40000 0.08148 0.40208 0.07407 0.40417 0.06389 0.40469 0.05833 0.40573 0.05556 0.40625 0.05278 0.40625 0.04815 0.40469 0.04537 0.40313 0.04444 0.39896 0.04352 0.39271 0.04259
11 0.38542 0.02685 0.38490 0.02593 0.38385 0.02500 0.38073 0.02500 0.37708 0.02315 0.37135 0.02315 0.36927 0.02685 0.36771 0.03333 0.36562 0.03796 0.36562 0.03981 0.36458 0.04259 0.36302 0.04537 0.36146 0.05093 0.36146 0.05741 0.36250 0.05926 0.36406 0.06019 0.36875 0.06111 0.37604 0.06111 0.37708 0.06019 0.37760 0.05926 0.37917 0.05556 0.38177 0.04722 0.38490 0.03611 0.38594 0.03148 0.38594 0.02870
11 0.39115 0.00000 0.39115 0.00370 0.39010 0.00833 0.38854 0.01389 0.38802 0.01667 0.38750 0.02037 0.38750 0.02500 0.38802 0.02685 0.38906 0.02870 0.39167 0.02963 0.39740 0.03056 0.40104 0.03056 0.40208 0.02963 0.40313 0.02778 0.40365 0.02593 0.40521 0.01481 0.40625 0.00278 0.40625 0.00000
11 0.41615 0.01759 0.41510 0.01944 0.41458 0.02130 0.41354 0.02593 0.41302 0.02870 0.41198 0.03796 0.41094 0.04074 0.41042 0.04352 0.41042 0.04722 0.41094 0.04907 0.41146 0.05000 0.41250 0.05093 0.41406 0.05185 0.41667 0.05278 0.42188 0.05370 0.42396 0.05370 0.42500 0.05278 0.42656 0.05000 0.42708 0.04815 0.42760 0.04444 0.42812 0.03796 0.42865 0.03426 0.42969 0.03148 0.42969 0.02130 0.42865 0.01944 0.42760 0.01852 0.42552 0.01759
11 0.43542 0.00000 0.43542 0.00370 0.43229 0.01296 0.43177 0.01574 0.43177 0.02315 0.43281 0.02500 0.43385 0.02593 0.43594 0.02685 0.44271 0.02870 0.44427 0.02778 0.44531 0.02685 0.44583 0.02593 0.44740 0.02037 0.44740 0.01852 0.44844 0.01481 0.44948 0.01296 0.45052 0.00926 0.45208 0.00278 0.45208 0.00000
11 0.43906 0.04259 0.43854 0.04537 0.43854 0.05000 0.43594 0.06574 0.43542 0.07130 0.43542 0.07407 0.43594 0.07685 0.43698 0.07870 0.43802 0.07963 0.44271 0.07963 0.44688 0.08056 0.44740 0.08148 0.45052 0.08148 0.45208 0.07870 0.45260 0.07593 0.45312 0.06667 0.45365 0.05185 0.45365 0.05000 0.45260 0.04444 0.45156 0.04352 0.44896 0.04259 0.44531 0.04167
11 0.41615 0.06759 0.41510 0.06852 0.41458 0.06944 0.41406 0.07130 0.41354 0.07407 0.41250 0.08333 0.41198 0.08611 0.41094 0.09074 0.40937 0.09537 0.40833 0.10000 0.40833 0.10833 0.40990 0.11111 0.41146 0.11204 0.41615 0.11389 0.41979 0.11389 0.42031 0.11481 0.42344 0.11481 0.42448 0.11389 0.42656 0.11019 0.42760 0.10463 0.42865 0.09537 0.43073 0.08611 0.43125 0.08056 0.43073 0.07130 0.42865 0.06944 0.42604 0.06852 0.42240 0.06759
11 0.44271 0.09722 0.44167 0.09815 0.44062 0.10278 0.44010 0.11204 0.43750 0.13241 0.43542 0.14259 0.43438 0.15370 0.43438 0.15926 0.43542 0.16296 0.43646 0.16389 0.43854 0.16481 0.44115 0.16481 0.44583 0.16759 0.45104 0.16759 0.45156 0.16574 0.45208 0.15926 0.45417 0.15000 0.45729 0.12037 0.45729 0.11481 0.45833 0.10926 0.45833 0.10556 0.45781 0.10370 0.45677 0.10185 0.45521 0.10093 0.45208 0.10093 0.44635 0.09815 0.44375 0.09722
11 0.41250 0.14815 0.41146 0.14907 0.41042 0.15093 0.40990 0.15278 0.40833 0.17685 0.40833 0.18519 0.40781 0.18611 0.40781 0.19352 0.40833 0.19815 0.40885 0.20000 0.41094 0.20185 0.41615 0.20370 0.42344 0.20370 0.42448 0.20278 0.42500 0.20185 0.42604 0.19815 0.42708 0.19259 0.42708 0.18889 0.42812 0.18519 0.42865 0.17963 0.42865 0.17407 0.43021 0.16574 0.43021 0.15648 0.42917 0.15278 0.42865 0.15185 0.42656 0.15000 0.42188 0.14815
11 0.41615 0.22685 0.41458 0.22778 0.41354 0.22870 0.41302 0.22963 0.41198 0.23333 0.41146 0.23611 0.41042 0.24537 0.41042 0.25093 0.40990 0.25556 0.40833 0.26389 0.40781 0.26852 0.40729 0.27500 0.40729 0.28148 0.40781 0.28333 0.40990 0.28704 0.41510 0.28889 0.42031 0.28981 0.42656 0.28981 0.42760 0.28889 0.42812 0.28796 0.42865 0.28611 0.42969 0.27963 0.43073 0.26111 0.43125 0.23981 0.43073 0.23148 0.43021 0.22963 0.42865 0.22685 0.42760 0.22593 0.41979 0.22593
11 0.44635 0.18981 0.44479 0.19074 0.44375 0.19259 0.44271 0.19630 0.44062 0.20741 0.43802 0.21574 0.43646 0.22222 0.43542 0.22870 0.43542 0.23611 0.43594 0.23704 0.43594 0.23889 0.43802 0.24074 0.44115 0.24167 0.44375 0.24167 0.44635 0.24352 0.45208 0.24352 0.45365 0.24167 0.45417 0.23889 0.45573 0.23426 0.45885 0.21852 0.46094 0.20556 0.46094 0.20000 0.46042 0.19630 0.45990 0.19352 0.45937 0.19167 0.45729 0.18981
11 0.46563 0.15463 0.46510 0.15648 0.46458 0.15926 0.46458 0.16667 0.46615 0.19444 0.46667 0.19722 0.46719 0.19907 0.46875 0.20093 0.47031 0.20185 0.47656 0.20278 0.48385 0.20278 0.48490 0.20185 0.48542 0.16481 0.48438 0.16111 0.48125 0.15556 0.48021 0.15463 0.47865 0.15370 0.47448 0.15278 0.46927 0.15278 0.46667 0.15370
11 0.49740 0.10463 0.49427 0.10648 0.49375 0.10926 0.49271 0.12222 0.49219 0.13056 0.49167 0.14444 0.49167 0.15185 0.49219 0.17037 0.49323 0.17222 0.49479 0.17315 0.49844 0.17407 0.50625 0.17407 0.50781 0.17130 0.50833 0.16759 0.50885 0.15926 0.50885 0.14815 0.50938 0.13981 0.51094 0.12407 0.51094 0.11204 0.50938 0.10926 0.50833 0.10833 0.50365 0.10648
11 0.46510 0.07037 0.46406 0.07222 0.46406 0.10648 0.46458 0.11111 0.46615 0.11389 0.46771 0.11481 0.47292 0.11574 0.48021 0.11574 0.48125 0.11389 0.48177 0.11111 0.48177 0.10556 0.48073 0.10000 0.48021 0.09259 0.48021 0.07593 0.47969 0.07407 0.47917 0.07315 0.47813 0.07222 0.47552 0.07130 0.47031 0.07037
11 0.48854 0.04907 0.48750 0.05093 0.48750 0.06296 0.48802 0.08333 0.48906 0.08704 0.49062 0.08796 0.49323 0.08889 0.50313 0.08889 0.50417 0.08796 0.50521 0.08611 0.50521 0.07407 0.50417 0.06852 0.50417 0.06019 0.50365 0.05556 0.50313 0.05370 0.50208 0.05185 0.50104 0.05093 0.49844 0.05000 0.49427 0.04907
11 0.46094 0.01944 0.46042 0.02222 0.46042 0.03704 0.45937 0.04444 0.45937 0.04815 0.45990 0.05093 0.46094 0.05278 0.46406 0.05370 0.46875 0.05463 0.47135 0.05463 0.47448 0.05278 0.47500 0.05093 0.47552 0.04815 0.47604 0.03148 0.47604 0.02963 0.47552 0.02315 0.47396 0.02037 0.47240 0.01944 0.47031 0.01852 0.46406 0.01759 0.46302 0.01759
11 0.48385 0.00370 0.48281 0.00556 0.48281 0.02037 0.48333 0.02963 0.48385 0.03148 0.48542 0.03426 0.49062 0.03519 0.49740 0.03519 0.49844 0.03333 0.49844 0.03148 0.49896 0.02963 0.49792 0.02315 0.49740 0.01574 0.49740 0.00833 0.49688 0.00648 0.49635 0.00556 0.49531 0.00463 0.48854 0.00278 0.48490 0.00278
11 0.50729 0.02870 0.50677 0.03981 0.50729 0.04815 0.50781 0.05463 0.50833 0.05833 0.50885 0.06019 0.50938 0.06111 0.51042 0.06204 0.51302 0.06296 0.52187 0.06296 0.52344 0.06019 0.52344 0.05370 0.52240 0.04722 0.52240 0.03889 0.52187 0.03426 0.52135 0.03241 0.52083 0.03148 0.51979 0.03056 0.51771 0.02963 0.51250 0.02778 0.50833 0.02778
11 0.51562 0.07870 0.51458 0.08056 0.51458 0.10093 0.51510 0.11759 0.51562 0.11944 0.51771 0.12130 0.51979 0.12222 0.52448 0.12315 0.53021 0.12315 0.53125 0.12222 0.53177 0.12037 0.53177 0.11019 0.53021 0.08704 0.52969 0.08426 0.52812 0.08148 0.52604 0.08056 0.52031 0.07870
11 0.53542 0.05926 0.53542 0.06852 0.53698 0.07778 0.53698 0.08241 0.53750 0.08704 0.53854 0.09352 0.54063 0.09722 0.54323 0.09815 0.55208 0.09815 0.55365 0.09722 0.55469 0.09630 0.55521 0.09444 0.55521 0.08981 0.55417 0.08333 0.55312 0.08056 0.55260 0.07685 0.55208 0.07037 0.55156 0.06667 0.55052 0.06296 0.54948 0.06111 0.54844 0.06019 0.54583 0.05926 0.54115 0.05833 0.53646 0.05833
11 0.52812 0.01019 0.52708 0.01204 0.52656 0.01481 0.52656 0.02222 0.52708 0.02315 0.52708 0.03148 0.52760 0.03519 0.52812 0.03796 0.52865 0.03981 0.52969 0.04167 0.53073 0.04259 0.53229 0.04352 0.53490 0.04444 0.54115 0.04444 0.54219 0.04352 0.54323 0.04167 0.54323 0.03426 0.54219 0.02778 0.54219 0.01852 0.54167 0.01574 0.54010 0.01296 0.53906 0.01204 0.53750 0.01111 0.53385 0.01019
11 0.55208 0.03148 0.55104 0.03333 0.55052 0.03611 0.55052 0.03796 0.55104 0.04352 0.55208 0.04907 0.55208 0.05463 0.55312 0.06019 0.55312 0.06389 0.55417 0.06574 0.55573 0.06667 0.56042 0.06759 0.56563 0.06759 0.56667 0.06667 0.56771 0.06481 0.56771 0.05370 0.56667 0.04074 0.56615 0.03704 0.56510 0.03426 0.56406 0.03333 0.56198 0.03241 0.55677 0.03148
11 0.56458 0.08889 0.56354 0.09074 0.56354 0.09259 0.56302 0.09444 0.56354 0.10278 0.56510 0.11204 0.56563 0.12222 0.56615 0.12593 0.56667 0.12778 0.56771 0.12963 0.56875 0.13056 0.57083 0.13148 0.57448 0.13241 0.58125 0.13241 0.58229 0.13148 0.58281 0.13056 0.58333 0.12870 0.58333 0.12222 0.58125 0.10648 0.57969 0.09630 0.57917 0.09444 0.57760 0.09167 0.57604 0.09074 0.56927 0.08889
11 0.56823 0.15463 0.56719 0.15648 0.56719 0.16204 0.57135 0.18333 0.57240 0.19259 0.57292 0.19537 0.57344 0.19722 0.57448 0.20000 0.57604 0.20185 0.57812 0.20278 0.58333 0.20278 0.58385 0.20370 0.58854 0.20370 0.59062 0.20000 0.59062 0.18981 0.58906 0.18333 0.58802 0.18148 0.58698 0.17778 0.58385 0.16111 0.58333 0.15926 0.58177 0.15648 0.58021 0.15556 0.57760 0.15463
11 0.54740 0.11759 0.54531 0.11944 0.54479 0.12130 0.54427 0.12685 0.54427 0.15556 0.54479 0.17130 0.54531 0.17685 0.54635 0.18056 0.54688 0.18148 0.54792 0.18241 0.55052 0.18333 0.55521 0.18426 0.55990 0.18426 0.56198 0.18241 0.56302 0.17778 0.56302 0.17593 0.56198 0.16759 0.56198 0.12500 0.56094 0.12130 0.55990 0.12037 0.55677 0.11944 0.55208 0.11944 0.54948 0.11852 0.54896 0.11759
11 0.55260 0.20648 0.55104 0.20926 0.55104 0.21759 0.55156 0.22130 0.55417 0.23426 0.55677 0.24259 0.55833 0.24907 0.55833 0.25093 0.55937 0.25463 0.56094 0.25648 0.56198 0.25741 0.56354 0.25833 0.56771 0.25926 0.57448 0.25926 0.57604 0.25833 0.57708 0.25648 0.57760 0.25370 0.57760 0.24815 0.57448 0.23241 0.57188 0.22407 0.57083 0.21481 0.57031 0.21204 0.56875 0.20741 0.56771 0.20556 0.56563 0.20370 0.55885 0.20370 0.55625 0.20463
11 0.58646 0.24444 0.58594 0.25463 0.58750 0.26296 0.58906 0.28148 0.59167 0.29630 0.59323 0.29907 0.59479 0.30000 0.60208 0.30093 0.60729 0.30093 0.60990 0.29907 0.61042 0.29815 0.61094 0.29630 0.61094 0.28426 0.60938 0.27593 0.60625 0.26111 0.60469 0.25556 0.60365 0.25370 0.60313 0.25185 0.60260 0.24815 0.60052 0.24444 0.59948 0.24352 0.59583 0.24259 0.59115 0.24259 0.58750 0.24352
11 0.53125 0.23426 0.52969 0.23704 0.52917 0.24167 0.52917 0.25741 0.52969 0.26574 0.53021 0.27130 0.53229 0.28056 0.53229 0.28426 0.53281 0.28704 0.53385 0.29074 0.53646 0.29537 0.53854 0.29630 0.55052 0.29630 0.55156 0.29537 0.55208 0.29444 0.55312 0.29074 0.55312 0.27407 0.54948 0.25278 0.54948 0.24630 0.54844 0.24074 0.54740 0.23796 0.54583 0.23611 0.54323 0.23426 0.53542 0.23333 0.53281 0.23333
11 0.50990 0.27407 0.50885 0.27593 0.50833 0.27778 0.50833 0.32037 0.50885 0.33241 0.50990 0.33889 0.51094 0.34259 0.51302 0.34444 0.51667 0.34537 0.52917 0.34537 0.53073 0.34259 0.53177 0.33796 0.53177 0.32870 0.53021 0.31111 0.52865 0.30185 0.52812 0.29537 0.52812 0.28981 0.52708 0.28056 0.52656 0.27870 0.52552 0.27685 0.52292 0.27500 0.51719 0.27407
11 0.48438 0.31759 0.48333 0.31852 0.48229 0.32222 0.48125 0.33241 0.48125 0.33796 0.47708 0.37593 0.47708 0.38148 0.47760 0.38519 0.47917 0.38796 0.48125 0.38981 0.48594 0.39259 0.49167 0.39444 0.49479 0.39444 0.49740 0.39259 0.49792 0.39167 0.49844 0.38981 0.50000 0.37593 0.50000 0.36667 0.50156 0.34815 0.50260 0.34259 0.50313 0.33704 0.50313 0.32407 0.50260 0.32222 0.50208 0.32130 0.50000 0.31944 0.49792 0.31852 0.49323 0.31759
11 0.52396 0.38519 0.52187 0.38889 0.52135 0.39167 0.52187 0.42037 0.52135 0.45556 0.52240 0.46296 0.52292 0.46481 0.52344 0.46574 0.52604 0.46759 0.52865 0.46852 0.53490 0.46944 0.54167 0.46944 0.54271 0.46759 0.54323 0.46574 0.54375 0.46296 0.54427 0.45556 0.54427 0.45185 0.54323 0.42593 0.54375 0.41019 0.54375 0.40000 0.54323 0.39537 0.54219 0.39167 0.53594 0.38611 0.53073 0.38426 0.52552 0.38426
11 0.42031 0.31944 0.41771 0.32130 0.41615 0.32407 0.41510 0.32778 0.41354 0.33704 0.41302 0.34352 0.41302 0.35000 0.41250 0.35741 0.41146 0.36296 0.41042 0.37593 0.41042 0.38796 0.41094 0.39167 0.41146 0.39352 0.41250 0.39537 0.41510 0.39722 0.41979 0.39815 0.43177 0.39815 0.43281 0.39630 0.43438 0.39167 0.43490 0.38796 0.43542 0.38056 0.43594 0.36574 0.43542 0.35741 0.43594 0.34722 0.43698 0.33796 0.43698 0.32963 0.43646 0.32593 0.43594 0.32407 0.43438 0.32130 0.43177 0.32037 0.42656 0.31944
11 0.44948 0.27407 0.44792 0.27500 0.44635 0.27685 0.44583 0.27963 0.44479 0.28241 0.44375 0.28889 0.44323 0.29444 0.44271 0.30833 0.44219 0.31296 0.44062 0.31944 0.44010 0.32315 0.44010 0.33333 0.44062 0.33796 0.44219 0.34074 0.44427 0.34167 0.45312 0.34352 0.46042 0.34352 0.46146 0.34259 0.46250 0.33889 0.46354 0.33148 0.46406 0.32500 0.46406 0.31481 0.46458 0.30741 0.46615 0.29444 0.46771 0.28611 0.46771 0.27870 0.46615 0.27593 0.46510 0.27500 0.46198 0.27407
11 0.47344 0.22778 0.47240 0.22963 0.47187 0.23241 0.47187 0.25370 0.47083 0.26759 0.47083 0.27315 0.47135 0.27407 0.47135 0.28056 0.47187 0.28241 0.47396 0.28426 0.47813 0.28519 0.48438 0.28611 0.48698 0.28611 0.48854 0.28519 0.48958 0.28426 0.49062 0.28241 0.49115 0.28056 0.49167 0.27593 0.49167 0.27222 0.49062 0.25648 0.49062 0.23796 0.49010 0.23333 0.48958 0.23056 0.48854 0.22870 0.48750 0.22778
11 0.50104 0.19259 0.49844 0.19722 0.49792 0.19907 0.49740 0.20370 0.49740 0.20926 0.49948 0.24074 0.50000 0.24352 0.50052 0.24537 0.50156 0.24537 0.50208 0.24630 0.51406 0.24815 0.51771 0.24815 0.51875 0.24722 0.51927 0.24537 0.51927 0.24167 0.51979 0.24074 0.51927 0.22500 0.51719 0.21296 0.51667 0.20648 0.51667 0.20000 0.51615 0.19722 0.51458 0.19444 0.51354 0.19352 0.50625 0.19167 0.50417 0.19167 0.50365 0.19259
11 0.51979 0.16204 0.51875 0.16667 0.51875 0.17130 0.51927 0.17870 0.52031 0.18519 0.52031 0.19352 0.52083 0.20000 0.52135 0.20463 0.52240 0.20833 0.52292 0.20926 0.52396 0.21019 0.52552 0.21111 0.53333 0.21296 0.53750 0.21296 0.53906 0.21019 0.53958 0.20833 0.54010 0.20556 0.54063 0.19907 0.54063 0.19167 0.54010 0.18519 0.53854 0.17963 0.53750 0.17778 0.53646 0.17407 0.53594 0.17130 0.53594 0.16759 0.53542 0.16481 0.53490 0.16296 0.53438 0.16204 0.53333 0.16111 0.52083 0.16111
11 0.38698 0.86111 0.38594 0.86204 0.38490 0.86481 0.38542 0.89167 0.38646 0.90741 0.38698 0.93519 0.38698 0.97037 0.38802 0.97222 0.38906 0.97315 0.39948 0.97500 0.40990 0.97593 0.41354 0.97593 0.41615 0.97500 0.41719 0.97315 0.41719 0.95278 0.41667 0.95185 0.41667 0.93056 0.41563 0.91944 0.41510 0.90463 0.41510 0.88981 0.41406 0.87685 0.41406 0.86481 0.41354 0.86296 0.41198 0.86111
