11 0.34479 0.84167 0.34427 0.84352 0.34375 0.86204 0.34219 0.94167 0.34271 0.94352 0.34375 0.94537 0.34479 0.94630 0.34896 0.94722 0.35573 0.94722 0.35885 0.94815 0.36146 0.95000 0.36562 0.95093 0.37240 0.95093 0.37292 0.94907 0.37344 0.94444 0.37396 0.91759 0.37396 0.88519 0.37500 0.85278 0.37500 0.84444 0.37396 0.84259 0.35885 0.84074
11 0.38802 0.89352 0.38698 0.89444 0.38594 0.89630 0.38542 0.91944 0.38542 0.94537 0.38438 0.96296 0.38438 0.99537 0.38490 0.99630 0.38490 0.99907 0.41458 0.99815 0.41458 0.92870 0.41563 0.90926 0.41563 0.90000 0.41510 0.89907 0.41510 0.89722 0.41406 0.89630 0.40625 0.89537 0.39740 0.89537 0.39010 0.89352
11 0.38229 0.73426 0.38125 0.73611 0.38125 0.78519 0.38021 0.80093 0.37969 0.81667 0.37969 0.83704 0.38021 0.83889 0.38125 0.84074 0.38333 0.84167 0.38958 0.84167 0.39948 0.84444 0.40469 0.84537 0.40833 0.84352 0.40885 0.84074 0.40937 0.79444 0.40937 0.74444 0.40885 0.73796 0.40729 0.73519 0.38385 0.73333
11 0.42969 0.79259 0.42865 0.79444 0.42812 0.80185 0.42812 0.82870 0.42708 0.86111 0.42604 0.87500 0.42552 0.89537 0.42604 0.89907 0.42708 0.90093 0.42865 0.90185 0.43698 0.90185 0.44323 0.90370 0.45208 0.90463 0.45312 0.90370 0.45417 0.90185 0.45469 0.89352 0.45469 0.87685 0.45573 0.86389 0.45573 0.83704 0.45625 0.81389 0.45729 0.80185 0.45677 0.79815 0.45573 0.79630 0.45469 0.79537 0.44896 0.79444 0.44271 0.79444 0.43698 0.79352 0.43177 0.79167
11 0.43646 0.96667 0.43594 0.97037 0.43542 0.98148 0.43594 0.99907 0.46458 0.99907 0.46510 0.99722 0.46510 0.98333 0.46563 0.98241 0.46563 0.96944 0.46458 0.96759 0.46302 0.96667 0.44844 0.96667 0.44427 0.96481 0.44062 0.96389 0.43854 0.96389 0.43750 0.96481
11 0.48490 0.86667 0.48385 0.86759 0.48281 0.87037 0.48281 0.87315 0.48177 0.87593 0.47969 0.88889 0.47865 0.90278 0.47760 0.91111 0.47552 0.92315 0.47448 0.93611 0.47240 0.95278 0.46979 0.96667 0.46979 0.97407 0.47083 0.97593 0.47552 0.97778 0.48125 0.97870 0.49167 0.98333 0.49635 0.98333 0.49740 0.98241 0.49844 0.97685 0.50260 0.93519 0.50469 0.92222 0.50625 0.90556 0.50781 0.89907 0.50938 0.88704 0.50938 0.88241 0.50990 0.88148 0.50990 0.87778 0.50885 0.87593 0.50781 0.87500 0.50573 0.87407 0.49792 0.87222 0.48698 0.86667
11 0.52760 0.93519 0.52656 0.93704 0.52604 0.93981 0.52552 0.97685 0.52604 0.99907 0.55208 0.99907 0.55260 0.99722 0.55260 0.96574 0.55312 0.95278 0.55417 0.94259 0.55417 0.93981 0.55365 0.93796 0.55260 0.93611 0.55000 0.93519 0.54531 0.93611
11 0.52187 0.77315 0.52083 0.77407 0.51979 0.77870 0.51927 0.78981 0.51927 0.79907 0.51823 0.80741 0.51823 0.81667 0.51771 0.82593 0.51719 0.83148 0.51615 0.83611 0.51615 0.84352 0.51510 0.85278 0.51354 0.86111 0.51250 0.86944 0.51250 0.87593 0.51354 0.87778 0.51458 0.87870 0.51979 0.88056 0.53177 0.88333 0.53750 0.88333 0.53854 0.88241 0.53958 0.87870 0.54010 0.87222 0.54010 0.86481 0.54115 0.85926 0.54167 0.85278 0.54167 0.84537 0.54323 0.83333 0.54427 0.81852 0.54427 0.81019 0.54479 0.80370 0.54583 0.79722 0.54635 0.79074 0.54635 0.78056 0.54479 0.77778 0.54063 0.77593 0.53698 0.77500 0.53125 0.77500 0.52708 0.77315
11 0.58437 0.85741 0.57500 0.85741 0.56927 0.85926 0.56250 0.85926 0.56042 0.86019 0.55937 0.86204 0.55937 0.87315 0.55990 0.88148 0.56094 0.88889 0.56094 0.89630 0.56250 0.91204 0.56406 0.92037 0.56563 0.94444 0.56563 0.95463 0.56615 0.96389 0.56667 0.96574 0.56771 0.96759 0.57292 0.96759 0.58906 0.96389 0.59115 0.96296 0.59219 0.96204 0.59323 0.96019 0.59323 0.95000 0.59219 0.94352 0.59167 0.92685 0.59115 0.91944 0.59010 0.91296 0.58958 0.90556 0.58958 0.89815 0.58646 0.86296 0.58594 0.86019
11 0.61458 0.77500 0.60833 0.77500 0.60156 0.77685 0.59375 0.77685 0.59219 0.77778 0.59115 0.77963 0.59062 0.78148 0.59010 0.78611 0.59010 0.79630 0.59062 0.81111 0.59219 0.82870 0.59271 0.83241 0.59427 0.83889 0.59479 0.84259 0.59740 0.87222 0.59844 0.87778 0.60000 0.88056 0.60417 0.88056 0.61094 0.87685 0.61406 0.87593 0.61719 0.87593 0.61979 0.87500 0.62396 0.87222 0.62448 0.86296 0.62187 0.84722 0.62135 0.84259 0.62135 0.83796 0.62083 0.83333 0.61979 0.82870 0.61927 0.82407 0.61875 0.81204 0.61615 0.78519 0.61510 0.77685
11 0.63021 0.92963 0.62917 0.92870 0.62656 0.92870 0.62083 0.93056 0.61406 0.93056 0.60938 0.93148 0.60677 0.93333 0.60573 0.93796 0.60573 0.95463 0.60677 0.96481 0.60677 0.97593 0.60729 0.98426 0.60833 0.98981 0.60833 0.99630 0.60938 0.99907 0.63542 0.99907 0.63594 0.99722 0.63594 0.99444 0.63542 0.98704 0.63438 0.97963 0.63385 0.97222 0.63385 0.96296 0.63229 0.93981 0.63125 0.93241 0.63073 0.93056
11 0.65781 0.84907 0.65469 0.84907 0.65104 0.85185 0.64896 0.85278 0.64687 0.85278 0.63906 0.85648 0.63542 0.85926 0.63438 0.86296 0.63438 0.86574 0.63646 0.87963 0.63750 0.88519 0.63906 0.89074 0.63906 0.89352 0.64062 0.89907 0.64271 0.91111 0.64375 0.92130 0.64583 0.93426 0.64740 0.93889 0.64896 0.94907 0.65000 0.95278 0.65104 0.95463 0.65521 0.95463 0.65781 0.95278 0.66198 0.94907 0.67083 0.93981 0.67240 0.93704 0.67292 0.93519 0.67292 0.92778 0.67240 0.92315 0.67135 0.91759 0.66979 0.91204 0.66667 0.89444 0.66458 0.87870 0.66354 0.87315 0.66146 0.86574 0.66094 0.86296 0.66042 0.85648 0.65938 0.85185
11 0.69844 0.88611 0.69635 0.88611 0.69479 0.88704 0.69063 0.89074 0.68542 0.89352 0.68229 0.89352 0.67812 0.89537 0.67656 0.89815 0.67604 0.90000 0.67656 0.90833 0.67812 0.91944 0.68125 0.93519 0.68229 0.94352 0.68229 0.94815 0.68437 0.96574 0.68646 0.97778 0.68646 0.98241 0.68698 0.98519 0.68854 0.98796 0.69167 0.98796 0.69375 0.98704 0.69688 0.98426 0.69792 0.98241 0.70000 0.98056 0.70260 0.97963 0.70885 0.97500 0.70990 0.97315 0.71042 0.97315 0.71094 0.97222 0.71198 0.96759 0.70781 0.94815 0.70677 0.94259 0.70573 0.93241 0.70417 0.92593 0.70312 0.91759 0.70312 0.91296 0.70052 0.89630 0.70052 0.89167 0.69948 0.88704
11 0.68125 0.73333 0.67604 0.73333 0.67031 0.73611 0.66719 0.73704 0.66406 0.73704 0.66094 0.73796 0.65990 0.73981 0.65990 0.75185 0.66146 0.76296 0.66354 0.77222 0.66615 0.79167 0.66667 0.79722 0.66667 0.80278 0.66719 0.80833 0.66823 0.81296 0.66927 0.82407 0.66927 0.82870 0.66979 0.83056 0.67135 0.83241 0.67448 0.83241 0.67812 0.82963 0.68385 0.82778 0.69115 0.82315 0.69271 0.82037 0.69271 0.81296 0.69167 0.80278 0.69010 0.79630 0.68906 0.78981 0.68854 0.78426 0.68854 0.77870 0.68802 0.77407 0.68646 0.76944 0.68594 0.76667 0.68437 0.74907 0.68229 0.73519
11 0.63802 0.69352 0.63438 0.69352 0.62083 0.69815 0.61823 0.70000 0.61719 0.70370 0.61719 0.70648 0.61771 0.70741 0.61771 0.71111 0.61927 0.72130 0.62240 0.73426 0.62396 0.74259 0.62448 0.74907 0.62708 0.76111 0.62813 0.76759 0.62865 0.77593 0.62917 0.77963 0.63125 0.78981 0.63177 0.79074 0.63385 0.79259 0.63594 0.79259 0.63854 0.79167 0.64010 0.79074 0.64167 0.78889 0.64531 0.78704 0.64948 0.78611 0.65365 0.78426 0.65573 0.78056 0.65573 0.77222 0.65260 0.75648 0.65104 0.75185 0.65052 0.74815 0.65052 0.74444 0.64844 0.73333 0.64531 0.72037 0.64323 0.71389 0.64115 0.70556 0.64062 0.70093 0.63958 0.69630
11 0.54844 0.70463 0.54740 0.70648 0.54688 0.70833 0.54688 0.71574 0.54792 0.73611 0.54896 0.74352 0.54896 0.75093 0.54948 0.75833 0.55052 0.76481 0.55156 0.78519 0.55156 0.80278 0.55208 0.80648 0.55312 0.80833 0.55781 0.80833 0.56198 0.80648 0.56927 0.80648 0.57656 0.80556 0.57917 0.80370 0.57969 0.80185 0.57969 0.79537 0.57812 0.78611 0.57760 0.78148 0.57760 0.77407 0.57396 0.73241 0.57292 0.72685 0.57240 0.71574 0.57188 0.71111 0.57083 0.70648 0.56979 0.70463 0.56875 0.70370 0.55677 0.70463 0.55156 0.70370
11 0.48229 0.70648 0.48073 0.70741 0.48021 0.70833 0.47917 0.71204 0.47865 0.71759 0.47500 0.73426 0.47240 0.74444 0.46771 0.75926 0.46354 0.77500 0.46302 0.77963 0.45937 0.79167 0.45885 0.79444 0.45885 0.80278 0.45990 0.80463 0.46198 0.80648 0.47031 0.81019 0.47552 0.81389 0.47917 0.81759 0.48073 0.81759 0.48125 0.81852 0.48229 0.81852 0.48385 0.81574 0.48490 0.81204 0.48750 0.80093 0.48958 0.78981 0.49219 0.78148 0.50000 0.74815 0.50365 0.72963 0.50365 0.72685 0.50417 0.72593 0.50417 0.72407 0.50365 0.72222 0.50208 0.71944 0.49948 0.71759 0.49792 0.71759 0.49323 0.71296
11 0.45208 0.61944 0.43021 0.61944 0.42917 0.62037 0.42760 0.62315 0.42500 0.63796 0.42448 0.64815 0.42240 0.66759 0.42135 0.67222 0.42083 0.67685 0.42083 0.68148 0.42031 0.68611 0.41615 0.71111 0.41615 0.71481 0.41510 0.71852 0.41458 0.72500 0.41510 0.72685 0.41667 0.72963 0.41979 0.73148 0.42344 0.73241 0.42708 0.73519 0.43385 0.73796 0.43750 0.73889 0.43958 0.73889 0.44115 0.73611 0.44167 0.73426 0.44219 0.72963 0.44219 0.72593 0.44688 0.69630 0.44896 0.67778 0.45000 0.67407 0.45052 0.67037 0.45052 0.66204 0.45156 0.65648 0.45156 0.65093 0.45208 0.64630 0.45469 0.63241 0.45469 0.62500 0.45417 0.62222 0.45312 0.62037
11 0.34583 0.66759 0.34479 0.66852 0.34375 0.67130 0.34323 0.67407 0.34323 0.69352 0.34115 0.74444 0.34010 0.75278 0.33958 0.76204 0.33958 0.77037 0.34063 0.77222 0.34219 0.77315 0.34687 0.77315 0.35781 0.77593 0.36042 0.77778 0.36302 0.77870 0.36875 0.77778 0.36927 0.77500 0.36979 0.76574 0.36979 0.75370 0.37083 0.74537 0.37188 0.72222 0.37240 0.70556 0.37240 0.67315 0.37135 0.67037 0.36927 0.66852 0.36510 0.66759 0.35000 0.66667
11 0.38333 0.55185 0.38281 0.55463 0.38229 0.56111 0.38229 0.57130 0.38177 0.57685 0.38021 0.58426 0.37760 0.58981 0.37656 0.59630 0.37604 0.60556 0.37552 0.60926 0.37188 0.62685 0.37135 0.63333 0.37135 0.63704 0.37188 0.63796 0.37188 0.64259 0.37292 0.64630 0.37344 0.64722 0.37552 0.64907 0.38021 0.65093 0.38438 0.65093 0.38750 0.65278 0.39375 0.65370 0.39740 0.65370 0.39844 0.65278 0.40052 0.64907 0.40104 0.64537 0.40156 0.63056 0.40208 0.62500 0.40313 0.61944 0.40365 0.61296 0.40365 0.60556 0.40573 0.59259 0.40677 0.59074 0.40729 0.58889 0.40781 0.58333 0.40833 0.57407 0.40833 0.56296 0.40781 0.55926 0.40677 0.55648 0.40469 0.55463 0.39531 0.55185 0.38958 0.55093
11 0.35000 0.49444 0.34844 0.49537 0.34687 0.49815 0.34479 0.51111 0.34479 0.51481 0.34375 0.52222 0.34219 0.52870 0.34167 0.53241 0.34115 0.53981 0.34115 0.54907 0.34010 0.55741 0.33906 0.56111 0.33802 0.56852 0.33750 0.57407 0.33750 0.58148 0.33802 0.58519 0.33906 0.58981 0.34063 0.59259 0.34271 0.59444 0.34427 0.59537 0.34948 0.59630 0.36094 0.59630 0.36302 0.59444 0.36354 0.59352 0.36458 0.58981 0.36562 0.58333 0.36615 0.57870 0.36615 0.57037 0.36823 0.55556 0.36875 0.54907 0.36875 0.54074 0.36927 0.53519 0.37135 0.52315 0.37188 0.51667 0.37188 0.50370 0.37135 0.50185 0.37031 0.50000 0.36927 0.49907 0.36562 0.49722 0.35938 0.49537 0.35365 0.49444
11 0.43073 0.46481 0.42760 0.46574 0.42656 0.46667 0.42396 0.47130 0.42292 0.47500 0.42188 0.48241 0.42188 0.48611 0.42031 0.49352 0.41979 0.49907 0.41979 0.51204 0.41875 0.52222 0.41719 0.53241 0.41510 0.53796 0.41458 0.54259 0.41458 0.54722 0.41510 0.55093 0.41615 0.55556 0.41771 0.55833 0.41875 0.55926 0.42656 0.56296 0.42969 0.56389 0.43490 0.56389 0.43594 0.56296 0.43854 0.55833 0.43958 0.55556 0.44219 0.54352 0.44271 0.53704 0.44271 0.52407 0.44375 0.51389 0.44531 0.50463 0.44688 0.48981 0.44688 0.48148 0.44740 0.48056 0.44740 0.47315 0.44635 0.46852 0.44531 0.46759 0.44323 0.46667 0.43906 0.46574
11 0.46354 0.53704 0.46198 0.53981 0.46094 0.54722 0.46042 0.56111 0.46042 0.57870 0.45990 0.59074 0.45833 0.60648 0.45781 0.61944 0.45781 0.62315 0.45833 0.62963 0.45885 0.63148 0.45990 0.63333 0.46094 0.63426 0.46302 0.63519 0.47552 0.63889 0.47969 0.63981 0.48177 0.63981 0.48281 0.63889 0.48385 0.63704 0.48438 0.63519 0.48490 0.63148 0.48542 0.62130 0.48542 0.61019 0.48646 0.60185 0.48698 0.59352 0.48698 0.56204 0.48594 0.54352 0.48490 0.53889 0.48385 0.53796 0.47865 0.53704 0.47708 0.53704 0.47396 0.53796 0.46719 0.53611 0.46563 0.53611
11 0.50885 0.60648 0.50781 0.60741 0.50625 0.61019 0.50521 0.61296 0.50469 0.61667 0.50469 0.62870 0.50573 0.63981 0.50573 0.66852 0.50521 0.69722 0.50417 0.70833 0.50417 0.71944 0.50469 0.72222 0.50573 0.72500 0.50781 0.72500 0.50833 0.72593 0.52865 0.72593 0.52969 0.72500 0.53073 0.72037 0.53073 0.70185 0.53125 0.68426 0.53229 0.67870 0.53281 0.66667 0.53281 0.65278 0.53229 0.63889 0.53177 0.63426 0.53073 0.63056 0.53021 0.62685 0.53021 0.62222 0.52969 0.61759 0.52812 0.61111 0.52708 0.60926 0.52500 0.60741 0.52240 0.60648
11 0.53594 0.53704 0.53490 0.53889 0.53438 0.54259 0.53438 0.55833 0.53542 0.56944 0.53646 0.57500 0.53750 0.58611 0.53750 0.59352 0.53802 0.60000 0.53906 0.60556 0.53958 0.61296 0.53958 0.61944 0.54010 0.62593 0.54115 0.63241 0.54219 0.63426 0.54323 0.63519 0.55573 0.63519 0.56250 0.63426 0.56458 0.63333 0.56615 0.63056 0.56667 0.62778 0.56667 0.61759 0.56510 0.60370 0.56458 0.58981 0.56354 0.57685 0.56250 0.56759 0.56146 0.56296 0.56094 0.55370 0.55937 0.54259 0.55833 0.53889 0.55469 0.53611 0.53698 0.53611
11 0.58490 0.60833 0.58177 0.60926 0.58073 0.61019 0.57969 0.61296 0.58021 0.63426 0.58073 0.64074 0.58229 0.65093 0.58281 0.65741 0.58281 0.71204 0.58333 0.72037 0.58385 0.72222 0.58906 0.72315 0.59167 0.72222 0.59427 0.72037 0.59688 0.72037 0.59896 0.71944 0.60104 0.71759 0.60313 0.71759 0.60573 0.71667 0.60729 0.71389 0.60781 0.71019 0.60729 0.67500 0.60781 0.64630 0.60729 0.64074 0.60625 0.63611 0.60625 0.62963 0.60521 0.61944 0.60469 0.61759 0.60260 0.61389 0.60104 0.61296 0.59531 0.61111 0.59375 0.60926 0.59219 0.60833
11 0.60833 0.53889 0.60729 0.54074 0.60677 0.54352 0.60625 0.54907 0.60625 0.55833 0.60677 0.56481 0.60781 0.57130 0.61094 0.58519 0.61250 0.60000 0.61406 0.60648 0.61510 0.61296 0.61562 0.62037 0.61719 0.62593 0.61927 0.62963 0.62031 0.63056 0.62240 0.63148 0.63073 0.63056 0.63698 0.62870 0.64062 0.62593 0.64115 0.62500 0.64115 0.62407 0.64219 0.62222 0.64219 0.61019 0.64167 0.60648 0.64010 0.60093 0.63958 0.59444 0.63802 0.58981 0.63490 0.57407 0.63490 0.57130 0.63385 0.56574 0.63281 0.56296 0.63125 0.55463 0.63021 0.54537 0.62969 0.54259 0.62760 0.53889 0.62604 0.53796 0.60990 0.53796
11 0.65208 0.59815 0.65052 0.60093 0.64948 0.60648 0.64948 0.61944 0.65052 0.63056 0.65156 0.63611 0.65208 0.64167 0.65208 0.64815 0.65312 0.65278 0.65417 0.65463 0.65573 0.66111 0.65573 0.68241 0.65625 0.69259 0.65677 0.69630 0.65729 0.69815 0.66198 0.69907 0.66458 0.69815 0.66719 0.69630 0.66979 0.69537 0.67396 0.69444 0.67812 0.69444 0.68073 0.69259 0.68125 0.69074 0.68125 0.68333 0.68021 0.67685 0.68021 0.66667 0.67865 0.65463 0.67865 0.64722 0.67760 0.63796 0.67344 0.60926 0.67188 0.60278 0.67083 0.60093 0.67083 0.60000 0.66927 0.59815 0.66302 0.59537 0.65885 0.59537 0.65573 0.59630
11 0.62500 0.45278 0.62344 0.45556 0.62292 0.45741 0.62240 0.46019 0.62240 0.46296 0.62344 0.46852 0.62604 0.47870 0.62708 0.48056 0.62760 0.48241 0.62813 0.48704 0.62969 0.49167 0.63229 0.50556 0.63229 0.50926 0.63542 0.51944 0.63750 0.52963 0.63854 0.53241 0.64062 0.53426 0.64323 0.53519 0.64740 0.53519 0.65052 0.53426 0.65208 0.53333 0.65417 0.53148 0.65625 0.52778 0.65729 0.52315 0.65729 0.51852 0.65625 0.51019 0.65417 0.49815 0.65208 0.48889 0.65000 0.48148 0.64844 0.47870 0.64687 0.47407 0.64479 0.46389 0.64479 0.46111 0.64375 0.45556 0.64271 0.45185 0.64167 0.45000 0.63906 0.44815 0.63438 0.44815 0.62760 0.45093
11 0.58802 0.41481 0.58646 0.41759 0.58594 0.41944 0.58594 0.42593 0.58646 0.42963 0.59010 0.44630 0.59062 0.44815 0.59167 0.45000 0.59375 0.45833 0.59479 0.46759 0.59688 0.47500 0.59792 0.48148 0.59844 0.48889 0.59896 0.49167 0.60052 0.49444 0.60208 0.49537 0.60729 0.49537 0.61458 0.49352 0.61771 0.49074 0.61927 0.48796 0.62031 0.48519 0.62083 0.48241 0.62083 0.48056 0.62031 0.47593 0.61823 0.46852 0.61771 0.46574 0.61771 0.46296 0.61406 0.44630 0.61302 0.44259 0.61198 0.44074 0.61094 0.43704 0.60990 0.43241 0.60833 0.42315 0.60573 0.41759 0.60313 0.41296 0.59948 0.41111 0.59271 0.41111 0.59062 0.41204
11 0.52135 0.40278 0.52083 0.40463 0.52083 0.41667 0.52187 0.42870 0.52344 0.43889 0.52396 0.44630 0.52396 0.45741 0.52448 0.46852 0.52552 0.47870 0.52656 0.48333 0.52812 0.48611 0.53073 0.48704 0.54479 0.48704 0.54688 0.48611 0.54792 0.48519 0.54896 0.48148 0.54896 0.46574 0.54792 0.45278 0.54740 0.44907 0.54479 0.43704 0.54167 0.41852 0.54167 0.41389 0.54063 0.40741 0.54010 0.40556 0.53854 0.40278 0.53698 0.40185 0.53333 0.40093 0.52344 0.40093
11 0.56510 0.46667 0.56406 0.46852 0.56354 0.47130 0.56354 0.48611 0.56458 0.51389 0.56563 0.52407 0.56563 0.53704 0.56719 0.55093 0.56823 0.55370 0.56927 0.55556 0.57188 0.55741 0.57812 0.55833 0.58229 0.55833 0.58698 0.55741 0.58854 0.55648 0.59062 0.55278 0.59115 0.55093 0.59167 0.54722 0.59167 0.53426 0.59115 0.52315 0.59010 0.51111 0.58958 0.50741 0.58854 0.50370 0.58750 0.49259 0.58594 0.48519 0.58437 0.47037 0.58385 0.46852 0.58021 0.46574 0.57396 0.46481 0.56771 0.46481
11 0.45573 0.39907 0.45469 0.40000 0.45417 0.40093 0.45417 0.40185 0.45312 0.40370 0.45260 0.40556 0.45104 0.41481 0.45104 0.44167 0.45000 0.44907 0.45000 0.45833 0.44896 0.46574 0.44896 0.47778 0.44948 0.48148 0.45052 0.48333 0.45312 0.48519 0.46146 0.48611 0.46927 0.48611 0.47083 0.48519 0.47240 0.48241 0.47292 0.47963 0.47344 0.47500 0.47396 0.46389 0.47448 0.45833 0.47604 0.44815 0.47604 0.41111 0.47552 0.40648 0.47500 0.40463 0.47344 0.40185 0.47135 0.40000 0.46823 0.39907 0.46198 0.39815 0.45781 0.39815
11 0.49010 0.46389 0.48958 0.46574 0.48958 0.47685 0.49010 0.48426 0.49167 0.49630 0.49167 0.50278 0.49323 0.51389 0.49375 0.52500 0.49635 0.54630 0.49792 0.55370 0.49948 0.55556 0.50156 0.55648 0.51510 0.55648 0.51771 0.55556 0.51875 0.55370 0.51927 0.55185 0.51927 0.53796 0.51823 0.53148 0.51771 0.52407 0.51771 0.51574 0.51667 0.50185 0.51562 0.49537 0.51458 0.49259 0.51406 0.48981 0.51302 0.47963 0.51302 0.47315 0.51250 0.46759 0.51198 0.46574 0.51094 0.46389 0.50990 0.46296 0.50781 0.46204 0.49271 0.46204
11 0.38438 0.40833 0.38333 0.40926 0.38229 0.41111 0.38125 0.41759 0.38073 0.42593 0.38021 0.45278 0.37969 0.46111 0.37865 0.46574 0.37812 0.47222 0.37812 0.48333 0.37865 0.48981 0.37917 0.49167 0.38021 0.49352 0.38490 0.49815 0.38854 0.50000 0.39323 0.50093 0.40000 0.50093 0.40104 0.50000 0.40156 0.49907 0.40260 0.49537 0.40313 0.49259 0.40365 0.48611 0.40365 0.46759 0.40469 0.45278 0.40521 0.43611 0.40521 0.42222 0.40469 0.41481 0.40365 0.41111 0.40104 0.40926 0.39375 0.40833
11 0.37344 0.36204 0.35781 0.36204 0.35677 0.36296 0.35573 0.36481 0.35469 0.36852 0.35417 0.37130 0.35365 0.37685 0.35208 0.38426 0.35052 0.38981 0.34792 0.39630 0.34531 0.40463 0.34219 0.41574 0.34115 0.42222 0.34115 0.42963 0.34167 0.43333 0.34219 0.43519 0.34323 0.43704 0.34531 0.43889 0.35208 0.44167 0.35781 0.44352 0.36146 0.44352 0.36354 0.44259 0.36458 0.44167 0.36562 0.43981 0.36667 0.43704 0.36771 0.43333 0.36875 0.42685 0.36875 0.42222 0.37031 0.41204 0.37240 0.40278 0.37292 0.39630 0.37396 0.39074 0.37552 0.38519 0.37656 0.37870 0.37708 0.37315 0.37708 0.36852 0.37656 0.36574 0.37500 0.36296
11 0.38333 0.29722 0.38177 0.29907 0.38073 0.30093 0.38021 0.30278 0.37969 0.30648 0.37969 0.32315 0.38021 0.36389 0.38073 0.36759 0.38125 0.36944 0.38229 0.37130 0.38333 0.37222 0.39948 0.37222 0.40104 0.36944 0.40156 0.36574 0.40156 0.35741 0.40052 0.34352 0.40052 0.31481 0.40000 0.30741 0.39948 0.30370 0.39896 0.30185 0.39844 0.30093 0.39635 0.29907 0.39167 0.29722
11 0.41927 0.33889 0.41823 0.34074 0.41771 0.34074 0.41719 0.34167 0.41615 0.34537 0.41406 0.36019 0.41406 0.40556 0.41563 0.41389 0.41615 0.41574 0.41667 0.41667 0.41875 0.41852 0.42344 0.41944 0.43333 0.41944 0.43594 0.41759 0.43698 0.41481 0.43750 0.41111 0.43750 0.39259 0.43646 0.38426 0.43646 0.37500 0.43750 0.35833 0.43750 0.35000 0.43698 0.34537 0.43646 0.34259 0.43542 0.34074 0.43281 0.33889 0.42969 0.33796 0.42135 0.33796
11 0.45312 0.28426 0.45208 0.28519 0.45052 0.28796 0.44896 0.29352 0.44792 0.30000 0.44740 0.30556 0.44427 0.32037 0.44219 0.33241 0.44167 0.33611 0.44167 0.34537 0.44219 0.34722 0.44323 0.34907 0.44688 0.35185 0.45052 0.35370 0.45521 0.35556 0.45937 0.35556 0.46042 0.35463 0.46250 0.35093 0.46354 0.34722 0.46406 0.34444 0.46510 0.33333 0.46510 0.32685 0.46563 0.32037 0.46667 0.31204 0.46771 0.30833 0.46875 0.29907 0.46875 0.29352 0.46823 0.28981 0.46667 0.28704 0.46510 0.28611 0.45937 0.28426
11 0.48646 0.32963 0.48542 0.33056 0.48438 0.33241 0.48333 0.33704 0.48333 0.36667 0.48281 0.38611 0.48229 0.39074 0.48177 0.39167 0.48177 0.39444 0.48229 0.40000 0.48281 0.40185 0.48438 0.40463 0.48594 0.40556 0.49375 0.40741 0.49896 0.40833 0.50156 0.40833 0.50313 0.40556 0.50417 0.40093 0.50417 0.36111 0.50313 0.34815 0.50260 0.34352 0.50156 0.33704 0.50104 0.33519 0.49896 0.33148 0.49635 0.32963
11 0.51250 0.29537 0.51094 0.29815 0.51042 0.30000 0.50990 0.30648 0.50990 0.31019 0.51042 0.32130 0.51146 0.33611 0.51250 0.34259 0.51250 0.35463 0.51302 0.35926 0.51354 0.36204 0.51458 0.36389 0.51615 0.36481 0.51979 0.36574 0.52552 0.36667 0.53125 0.36667 0.53229 0.36574 0.53333 0.36389 0.53385 0.35926 0.53385 0.35185 0.53281 0.34074 0.53125 0.33148 0.53073 0.32593 0.53073 0.31759 0.53021 0.30741 0.52969 0.30463 0.52917 0.30278 0.52656 0.29815 0.52448 0.29630 0.52240 0.29537 0.51823 0.29444 0.51615 0.29444
11 0.55052 0.34630 0.54948 0.34722 0.54844 0.35370 0.54844 0.36852 0.55000 0.38333 0.55052 0.39907 0.55104 0.40648 0.55156 0.41111 0.55260 0.41667 0.55312 0.41852 0.55417 0.42037 0.55677 0.42222 0.56042 0.42315 0.56927 0.42315 0.57083 0.42222 0.57292 0.41852 0.57344 0.41667 0.57344 0.40648 0.57240 0.40000 0.57240 0.39259 0.57135 0.38241 0.56979 0.37037 0.56875 0.36667 0.56875 0.36296 0.56823 0.35926 0.56667 0.35093 0.56510 0.34815 0.56406 0.34722 0.56146 0.34630
11 0.57188 0.30463 0.57083 0.30926 0.57135 0.31852 0.57240 0.32315 0.57240 0.32778 0.57344 0.33611 0.57500 0.34259 0.57552 0.34630 0.57604 0.35463 0.57656 0.35833 0.57760 0.36389 0.57865 0.36759 0.58021 0.37037 0.58125 0.37130 0.58385 0.37222 0.59427 0.37222 0.59583 0.37130 0.59688 0.36944 0.59844 0.36481 0.59844 0.35648 0.59792 0.35278 0.59583 0.34352 0.59531 0.33611 0.59479 0.33241 0.59167 0.32222 0.59010 0.31204 0.58802 0.30463 0.58698 0.30278 0.58437 0.30093 0.57812 0.30093 0.57552 0.30185 0.57396 0.30278
11 0.61146 0.35093 0.61042 0.35185 0.60990 0.35278 0.60885 0.35648 0.60885 0.37407 0.60990 0.38333 0.60990 0.39630 0.61042 0.40741 0.61094 0.41204 0.61146 0.41481 0.61198 0.41667 0.61354 0.41944 0.61458 0.42037 0.61875 0.42222 0.63021 0.42222 0.63125 0.42130 0.63229 0.41944 0.63281 0.41667 0.63281 0.40648 0.63177 0.38796 0.63073 0.37407 0.62969 0.36296 0.62917 0.35926 0.62813 0.35556 0.62604 0.35185 0.62448 0.35093 0.62187 0.35000 0.61302 0.35000
11 0.58698 0.24907 0.58646 0.25093 0.58646 0.25926 0.58802 0.27315 0.58958 0.28241 0.59219 0.29167 0.59375 0.30093 0.59479 0.30463 0.59531 0.30556 0.59635 0.30648 0.60000 0.30741 0.61094 0.30741 0.61198 0.30648 0.61250 0.30556 0.61302 0.30370 0.61302 0.29259 0.61250 0.28889 0.61146 0.28426 0.61042 0.28056 0.60833 0.27593 0.60625 0.26852 0.60469 0.25833 0.60313 0.25278 0.60104 0.24907 0.60000 0.24815 0.59740 0.24722 0.59167 0.24722
11 0.56094 0.20278 0.55990 0.20370 0.55885 0.20556 0.55781 0.20833 0.55729 0.21019 0.55677 0.21481 0.55677 0.23056 0.55729 0.23704 0.55833 0.24352 0.55833 0.25185 0.55885 0.26111 0.55990 0.26759 0.56094 0.26944 0.56302 0.27130 0.56563 0.27222 0.57188 0.27315 0.57344 0.27315 0.57396 0.27222 0.57604 0.27222 0.57708 0.27037 0.57760 0.26852 0.57760 0.25278 0.57604 0.23519 0.57500 0.22778 0.57292 0.21574 0.57292 0.21111 0.57240 0.20741 0.57135 0.20370 0.57031 0.20278 0.56719 0.20185 0.56354 0.20185
11 0.57448 0.18519 0.57396 0.18611 0.57292 0.18981 0.57292 0.19815 0.57344 0.20185 0.57448 0.20556 0.57500 0.21019 0.57500 0.21574 0.57552 0.22130 0.57604 0.22500 0.57656 0.22778 0.57708 0.22963 0.57865 0.23241 0.58021 0.23333 0.58854 0.23519 0.59323 0.23519 0.59479 0.23241 0.59531 0.22870 0.59531 0.21759 0.59427 0.21111 0.59219 0.20463 0.59115 0.19907 0.59062 0.19537 0.59062 0.18981 0.59010 0.18704 0.58906 0.18519 0.58802 0.18426 0.57552 0.18426
11 0.54375 0.14074 0.54271 0.14259 0.54219 0.14722 0.54219 0.15463 0.54271 0.16111 0.54635 0.17778 0.54688 0.18148 0.54688 0.18519 0.54740 0.18981 0.54792 0.19167 0.54948 0.19444 0.55052 0.19537 0.55677 0.19630 0.56354 0.19630 0.56458 0.19537 0.56510 0.19444 0.56563 0.19259 0.56615 0.18981 0.56615 0.18148 0.56563 0.17870 0.56458 0.17500 0.56198 0.16759 0.56042 0.16204 0.55937 0.15000 0.55937 0.14537 0.55885 0.14352 0.55833 0.14259 0.55729 0.14167 0.55104 0.14074
11 0.52552 0.17593 0.52448 0.17685 0.52396 0.17870 0.52344 0.18333 0.52344 0.19444 0.52240 0.20370 0.52240 0.21944 0.52344 0.22130 0.52448 0.22222 0.52917 0.22315 0.53438 0.22685 0.53646 0.22778 0.53750 0.22685 0.53854 0.22500 0.53906 0.22315 0.53906 0.21204 0.54010 0.20648 0.54063 0.20093 0.54063 0.18056 0.54010 0.17870 0.53802 0.17685 0.52812 0.17593
11 0.53698 0.24815 0.53594 0.24907 0.53542 0.25000 0.53490 0.25185 0.53438 0.25648 0.53385 0.27037 0.53385 0.30370 0.53438 0.30556 0.53542 0.30741 0.53802 0.30926 0.54115 0.30926 0.54375 0.31019 0.54896 0.31296 0.55208 0.31296 0.55312 0.31111 0.55417 0.30833 0.55469 0.30463 0.55469 0.29352 0.55417 0.28611 0.55260 0.27222 0.55260 0.26481 0.55208 0.25926 0.55156 0.25556 0.54948 0.25185 0.54792 0.25093 0.54167 0.24815
11 0.48125 0.24167 0.48021 0.24259 0.47917 0.24630 0.47865 0.25463 0.47865 0.26389 0.47708 0.28148 0.47604 0.28611 0.47604 0.29444 0.47656 0.29630 0.47708 0.29722 0.48333 0.30278 0.48594 0.30278 0.48854 0.30463 0.49375 0.30463 0.49479 0.30278 0.49531 0.30093 0.49635 0.29444 0.49688 0.28241 0.49688 0.24907 0.49583 0.24444 0.49479 0.24352 0.49271 0.24259 0.48750 0.24167
11 0.50208 0.21019 0.50104 0.21296 0.50052 0.21667 0.49948 0.23889 0.49948 0.25370 0.50000 0.25833 0.50052 0.26019 0.50156 0.26111 0.50313 0.26204 0.51250 0.26481 0.51823 0.26389 0.51875 0.26204 0.51927 0.25926 0.51979 0.22778 0.51979 0.21852 0.51927 0.21574 0.51875 0.21389 0.51719 0.21111 0.51562 0.21019 0.51250 0.20926 0.50313 0.20926
11 0.47135 0.15926 0.47031 0.16111 0.46979 0.16389 0.46927 0.16852 0.46875 0.17593 0.46875 0.18426 0.46719 0.19630 0.46719 0.21019 0.46771 0.21204 0.46875 0.21389 0.46979 0.21481 0.47969 0.21667 0.48177 0.21667 0.48281 0.21574 0.48385 0.21389 0.48385 0.20833 0.48438 0.20370 0.48490 0.20093 0.48646 0.19722 0.48698 0.19537 0.48750 0.19259 0.48750 0.17778 0.48698 0.17222 0.48646 0.16852 0.48594 0.16574 0.48542 0.16389 0.48333 0.16204 0.47500 0.15926
11 0.44479 0.20000 0.44375 0.20093 0.44323 0.20185 0.44271 0.20370 0.44219 0.20741 0.44115 0.21944 0.44062 0.22870 0.44062 0.25463 0.44219 0.25741 0.44323 0.25833 0.44531 0.25926 0.45833 0.25926 0.45990 0.25648 0.46042 0.25463 0.46094 0.25093 0.46146 0.24167 0.46146 0.21759 0.46094 0.21111 0.46042 0.20833 0.45990 0.20648 0.45937 0.20556 0.45729 0.20370 0.45573 0.20278 0.45365 0.20278 0.45156 0.20093 0.44948 0.20000
11 0.41875 0.23981 0.41771 0.24074 0.41719 0.24167 0.41615 0.24537 0.41563 0.24907 0.41354 0.25463 0.41250 0.26019 0.41094 0.27222 0.41042 0.27870 0.40990 0.28889 0.40990 0.29815 0.41042 0.30185 0.41146 0.30370 0.41354 0.30556 0.41563 0.30648 0.41875 0.30741 0.42396 0.30833 0.42865 0.30833 0.42969 0.30741 0.43073 0.30556 0.43125 0.30370 0.43229 0.29537 0.43281 0.28704 0.43333 0.27315 0.43333 0.24907 0.43281 0.24630 0.43177 0.24444 0.42969 0.24259 0.42396 0.23981
11 0.38438 0.20833 0.38281 0.21111 0.38229 0.21296 0.38125 0.21852 0.38073 0.22407 0.38073 0.23056 0.37969 0.23704 0.37865 0.25093 0.37865 0.25463 0.37917 0.25926 0.37969 0.26111 0.38177 0.26481 0.38281 0.26574 0.38490 0.26667 0.39531 0.26667 0.39687 0.26574 0.39792 0.26389 0.39896 0.25926 0.39948 0.25463 0.40000 0.24722 0.40052 0.22685 0.40052 0.21204 0.39948 0.21019 0.39844 0.20926 0.39635 0.20833
11 0.35885 0.25556 0.35625 0.25741 0.35521 0.25926 0.35417 0.26296 0.35365 0.26759 0.35313 0.28241 0.35260 0.28981 0.35156 0.29630 0.35104 0.30278 0.35104 0.31759 0.35156 0.31944 0.35365 0.32130 0.35833 0.32222 0.36302 0.32222 0.36771 0.32407 0.36927 0.32407 0.37031 0.32315 0.37188 0.32037 0.37292 0.31574 0.37396 0.30833 0.37448 0.29722 0.37448 0.27963 0.37552 0.27407 0.37604 0.26759 0.37604 0.26204 0.37552 0.25926 0.37448 0.25741 0.37240 0.25556 0.36562 0.25463 0.36354 0.25463
11 0.36094 0.17778 0.35990 0.17870 0.35885 0.18241 0.35833 0.18611 0.35729 0.19630 0.35677 0.19907 0.35365 0.20926 0.35313 0.21296 0.35313 0.21667 0.35260 0.21759 0.35260 0.22037 0.35313 0.22593 0.35469 0.22870 0.35729 0.22963 0.36250 0.22963 0.36667 0.23056 0.36719 0.23148 0.37031 0.23148 0.37135 0.23056 0.37240 0.22870 0.37448 0.22037 0.37708 0.20648 0.37865 0.19352 0.37865 0.18796 0.37917 0.18704 0.37917 0.18241 0.37812 0.17870 0.37708 0.17778 0.36771 0.17685 0.36406 0.17685
11 0.38802 0.13241 0.38698 0.13333 0.38542 0.13611 0.38490 0.13889 0.38438 0.14352 0.38281 0.15463 0.38177 0.16667 0.38177 0.17593 0.38229 0.17778 0.38385 0.18056 0.38490 0.18148 0.38698 0.18241 0.39115 0.18333 0.39583 0.18333 0.39740 0.18241 0.39896 0.17963 0.39948 0.17778 0.40052 0.16667 0.40052 0.15926 0.40104 0.15185 0.40208 0.14259 0.40260 0.14167 0.40260 0.13889 0.40208 0.13796 0.40208 0.13519 0.40000 0.13333 0.39687 0.13241
11 0.41927 0.16204 0.41719 0.16296 0.41510 0.16481 0.41458 0.16574 0.41458 0.16667 0.41354 0.16852 0.41250 0.17407 0.41198 0.17870 0.41042 0.19815 0.41042 0.21204 0.41146 0.21389 0.41302 0.21481 0.41563 0.21574 0.42188 0.21667 0.42448 0.21667 0.42604 0.21574 0.42708 0.21481 0.42812 0.21111 0.42865 0.20741 0.42917 0.20000 0.42917 0.18611 0.43021 0.17778 0.43021 0.16852 0.42917 0.16481 0.42812 0.16296 0.42656 0.16204
11 0.44219 0.12685 0.44062 0.13333 0.43854 0.14630 0.43750 0.15370 0.43750 0.15741 0.43646 0.16481 0.43542 0.16852 0.43542 0.17130 0.43594 0.17407 0.43646 0.17593 0.43750 0.17778 0.43854 0.17870 0.44062 0.17963 0.44479 0.18056 0.44740 0.18056 0.45000 0.17963 0.45104 0.17778 0.45260 0.17315 0.45365 0.16944 0.45573 0.14815 0.45625 0.14444 0.45729 0.14074 0.45781 0.13704 0.45781 0.13333 0.45729 0.13148 0.45625 0.12963 0.45469 0.12870 0.45208 0.12870 0.45000 0.12685 0.44792 0.12593
11 0.46771 0.07963 0.46667 0.08148 0.46615 0.08519 0.46563 0.09074 0.46563 0.09630 0.46458 0.10648 0.46302 0.11389 0.46250 0.12037 0.46302 0.12222 0.46354 0.12315 0.46563 0.12500 0.46979 0.12685 0.47292 0.12778 0.47917 0.12685 0.47969 0.12500 0.48021 0.12130 0.48021 0.11481 0.48125 0.10833 0.48125 0.10000 0.48229 0.09259 0.48229 0.08426 0.48125 0.08241 0.48021 0.08148 0.47813 0.08056 0.47396 0.07963
11 0.50208 0.06574 0.50208 0.06574 0.50885 0.06481 0.51198 0.07130 0.51250 0.07222 0.51354 0.07315 0.51615 0.07407 0.52083 0.07407 0.52187 0.07315 0.52292 0.07130 0.52344 0.06667 0.52344 0.06204 0.52240 0.05278 0.52240 0.04352 0.52187 0.04074 0.52083 0.03889 0.51615 0.03704 0.50885 0.03704 0.50833 0.03889 0.50885 0.05000 0.50885 0.05463 0.50833 0.05556 0.50833 0.06019 0.50885 0.06481
11 0.48958 0.06019 0.48906 0.06204 0.48854 0.07222 0.48854 0.09537 0.48906 0.09722 0.49010 0.09907 0.49375 0.10093 0.50365 0.10093 0.50417 0.10000 0.50521 0.10000 0.50573 0.09815 0.50625 0.09444 0.50625 0.09074 0.50573 0.07315 0.50521 0.06759 0.50469 0.06481 0.50365 0.06296 0.50260 0.06204 0.50052 0.06111 0.49323 0.05926
11 0.51667 0.09167 0.51615 0.09352 0.51615 0.10185 0.51719 0.11759 0.51667 0.12593 0.51667 0.13056 0.51719 0.13426 0.51823 0.13611 0.52135 0.13796 0.52500 0.13889 0.53021 0.13981 0.53281 0.13981 0.53438 0.13704 0.53438 0.12315 0.53333 0.10926 0.53229 0.10370 0.53229 0.09815 0.53125 0.09444 0.53021 0.09352 0.52812 0.09259 0.52187 0.09074
11 0.53750 0.06944 0.53698 0.07130 0.53698 0.08056 0.53802 0.10000 0.53854 0.10370 0.53906 0.10556 0.54010 0.10741 0.54375 0.10926 0.54740 0.11019 0.55417 0.11019 0.55573 0.10741 0.55573 0.09907 0.55365 0.07963 0.55260 0.07315 0.55156 0.07130 0.55052 0.07037 0.54844 0.06944 0.54531 0.06852
11 0.56354 0.09352 0.56302 0.09722 0.56302 0.10278 0.56458 0.11296 0.56823 0.13241 0.56875 0.13426 0.56927 0.13519 0.56979 0.13519 0.57083 0.13704 0.57240 0.13796 0.57500 0.13889 0.57865 0.13981 0.58333 0.13981 0.58437 0.13889 0.58542 0.13704 0.58542 0.12778 0.58490 0.12500 0.58333 0.12037 0.58125 0.10741 0.57917 0.09722 0.57812 0.09537 0.57708 0.09444 0.57083 0.09259
11 0.55365 0.04630 0.55365 0.06111 0.55417 0.06852 0.55469 0.07315 0.55573 0.07870 0.55677 0.08056 0.55990 0.08241 0.56458 0.08426 0.56875 0.08426 0.57083 0.08241 0.57135 0.08056 0.57135 0.07037 0.56979 0.05556 0.56927 0.05278 0.56875 0.05093 0.56719 0.04815 0.56615 0.04722 0.56458 0.04630 0.56198 0.04537 0.55885 0.04537 0.55833 0.04444 0.55573 0.04444
11 0.52917 0.01944 0.52812 0.02130 0.52812 0.03519 0.52917 0.04907 0.52969 0.05185 0.53073 0.05370 0.53177 0.05463 0.53333 0.05556 0.54271 0.05556 0.54323 0.05463 0.54427 0.05463 0.54531 0.05093 0.54531 0.04444 0.54375 0.03056 0.54323 0.02685 0.54271 0.02407 0.54167 0.02222 0.54010 0.02130 0.53698 0.02037 0.53229 0.01944
11 0.54375 0.00000 0.54375 0.00926 0.54479 0.02037 0.54531 0.02407 0.54688 0.02685 0.54792 0.02778 0.55781 0.02778 0.55885 0.02685 0.55990 0.02500 0.55990 0.02037 0.55937 0.01667 0.55677 0.00370 0.55677 0.00000
11 0.50156 0.00000 0.50104 0.01667 0.50156 0.02130 0.50208 0.02315 0.50313 0.02315 0.50365 0.02407 0.50625 0.02500 0.51354 0.02500 0.51510 0.02407 0.51510 0.00000
11 0.48490 0.01019 0.48385 0.01204 0.48333 0.01481 0.48281 0.02685 0.48281 0.03611 0.48333 0.03981 0.48385 0.04167 0.48594 0.04352 0.48958 0.04444 0.49271 0.04444 0.49323 0.04537 0.49583 0.04537 0.49792 0.04352 0.49844 0.04167 0.49844 0.02963 0.49792 0.01481 0.49635 0.01204 0.49427 0.01111 0.49115 0.01019 0.48646 0.00926
11 0.46354 0.02963 0.46302 0.03148 0.46250 0.04630 0.46250 0.06019 0.46302 0.06204 0.46510 0.06389 0.46823 0.06574 0.47031 0.06667 0.47552 0.06667 0.47708 0.06481 0.47760 0.06296 0.47813 0.06019 0.47865 0.04537 0.47865 0.03889 0.47813 0.03333 0.47760 0.03148 0.47656 0.03056 0.47448 0.02963 0.46979 0.02870 0.46458 0.02870
11 0.44167 0.05185 0.44062 0.05278 0.44010 0.05370 0.43958 0.05556 0.43906 0.05926 0.43854 0.06574 0.43646 0.07500 0.43542 0.08148 0.43542 0.08889 0.43698 0.09167 0.43802 0.09259 0.44427 0.09444 0.45000 0.09444 0.45104 0.09259 0.45156 0.09074 0.45260 0.08519 0.45312 0.08056 0.45365 0.07222 0.45521 0.06389 0.45521 0.05556 0.45417 0.05370 0.45208 0.05278 0.44688 0.05278 0.44635 0.05185
11 0.41563 0.07778 0.41458 0.07870 0.41406 0.07963 0.41354 0.08148 0.41302 0.08611 0.41250 0.09630 0.41146 0.10370 0.41042 0.10741 0.40885 0.11852 0.40885 0.12407 0.40937 0.12593 0.41042 0.12685 0.41198 0.12778 0.41927 0.13056 0.42448 0.13056 0.42552 0.12963 0.42604 0.12685 0.42708 0.12407 0.42760 0.12037 0.42812 0.11019 0.42969 0.10000 0.43073 0.08796 0.43073 0.08519 0.42969 0.08056 0.42865 0.07963 0.42552 0.07870 0.42083 0.07778
11 0.36354 0.09259 0.36302 0.09444 0.36250 0.09907 0.36094 0.11852 0.36042 0.12315 0.35833 0.13519 0.35781 0.14074 0.35781 0.14537 0.35833 0.14630 0.35833 0.15185 0.35990 0.15463 0.36615 0.15556 0.37240 0.15556 0.37344 0.15463 0.37448 0.15278 0.37500 0.15093 0.37656 0.14167 0.37760 0.13426 0.37760 0.12870 0.37812 0.12500 0.37917 0.12130 0.38125 0.10185 0.38125 0.09722 0.38073 0.09537 0.37865 0.09352 0.37292 0.09352 0.36823 0.09259 0.36771 0.09167
11 0.39167 0.05278 0.38958 0.05463 0.38906 0.05556 0.38854 0.05741 0.38802 0.06389 0.38698 0.06944 0.38333 0.08611 0.38333 0.08981 0.38438 0.09352 0.38646 0.09444 0.39375 0.09630 0.39896 0.09630 0.40000 0.09444 0.40052 0.09259 0.40208 0.08519 0.40313 0.07870 0.40313 0.07500 0.40521 0.06574 0.40573 0.06019 0.40573 0.05833 0.40417 0.05556 0.40313 0.05463 0.39479 0.05278
11 0.38490 0.03611 0.38385 0.03519 0.38229 0.03426 0.37865 0.03333 0.37135 0.03333 0.37031 0.03426 0.36927 0.03611 0.36667 0.04352 0.36198 0.05926 0.36198 0.06296 0.36146 0.06389 0.36146 0.06667 0.36198 0.06852 0.36302 0.07037 0.36562 0.07130 0.36979 0.07222 0.37604 0.07222 0.37708 0.07130 0.37865 0.06852 0.37969 0.06574 0.38385 0.05000 0.38490 0.04537 0.38542 0.04167
11 0.39271 0.00463 0.39167 0.00556 0.39115 0.00741 0.38802 0.02407 0.38802 0.02685 0.38698 0.03056 0.38698 0.03241 0.38750 0.03519 0.38958 0.03889 0.39115 0.03981 0.39687 0.04074 0.40104 0.04074 0.40260 0.03796 0.40313 0.03611 0.40625 0.01296 0.40625 0.00833 0.40469 0.00556 0.40208 0.00463
11 0.41615 0.02500 0.41510 0.02593 0.41458 0.02685 0.41406 0.02870 0.41354 0.03241 0.41250 0.04259 0.41094 0.04907 0.41094 0.05833 0.41146 0.06019 0.41198 0.06111 0.41406 0.06296 0.41927 0.06389 0.42031 0.06389 0.42448 0.06296 0.42552 0.06204 0.42604 0.06111 0.42708 0.05741 0.42760 0.05463 0.42969 0.03796 0.43021 0.03241 0.43021 0.03056 0.42969 0.02870 0.42917 0.02778 0.42812 0.02685 0.42656 0.02593 0.42135 0.02593 0.42083 0.02500
11 0.43958 0.00556 0.43906 0.00741 0.43854 0.01389 0.43802 0.01667 0.43490 0.02870 0.43490 0.03241 0.43594 0.03519 0.43802 0.03704 0.43958 0.03796 0.44271 0.03796 0.44635 0.03981 0.44740 0.03981 0.44844 0.03889 0.45000 0.03611 0.45104 0.03056 0.45260 0.01852 0.45260 0.01389 0.45312 0.01296 0.45312 0.00926 0.45208 0.00741 0.45104 0.00648 0.44844 0.00556 0.44427 0.00463
11 0.36719 0.01667 0.36875 0.01944 0.37031 0.02037 0.37292 0.02130 0.38073 0.02130 0.38177 0.02037 0.38281 0.01852 0.38490 0.01111 0.38646 0.00370 0.38646 0.00000 0.36927 0.00000 0.36927 0.00278 0.36719 0.00926
