11 0.47031 0.09922 0.46927 0.10078 0.46823 0.10469 0.46771 0.10859 0.46771 0.11406 0.46667 0.11797 0.46510 0.13203 0.46510 0.15625 0.46615 0.15859 0.46823 0.16016 0.47031 0.16094 0.47448 0.16172 0.47708 0.16094 0.47813 0.16016 0.47917 0.15703 0.47969 0.15391 0.48021 0.14844 0.48021 0.14219 0.48125 0.13359 0.48281 0.12344 0.48385 0.12031 0.48438 0.11719 0.48490 0.11016 0.48490 0.10547 0.48438 0.10391 0.48385 0.10312 0.48281 0.10234 0.48125 0.10234 0.47969 0.10078 0.47604 0.09922
11 0.42708 0.10391 0.42604 0.10781 0.42604 0.11250 0.42500 0.11719 0.42396 0.13047 0.42396 0.14453 0.42344 0.15000 0.42240 0.15313 0.42240 0.15703 0.42292 0.15937 0.42396 0.16094 0.42500 0.16172 0.43021 0.16406 0.43281 0.16484 0.43594 0.16484 0.43698 0.16328 0.43750 0.16328 0.43802 0.16250 0.43906 0.15937 0.43958 0.15547 0.43958 0.14609 0.44062 0.13672 0.44062 0.12578 0.44115 0.11875 0.44219 0.11406 0.44219 0.10703 0.44167 0.10547 0.44115 0.10469 0.44010 0.10391 0.43438 0.10312
11 0.45052 0.07266 0.44896 0.07422 0.44792 0.07734 0.44792 0.07969 0.44740 0.08203 0.44479 0.08984 0.44427 0.09375 0.44167 0.10156 0.44167 0.10391 0.44271 0.10938 0.44375 0.11172 0.44479 0.11328 0.44583 0.11406 0.45000 0.11641 0.45312 0.11719 0.45469 0.11719 0.45625 0.11484 0.45729 0.11172 0.45833 0.10781 0.46042 0.09766 0.46250 0.08516 0.46250 0.07734 0.46146 0.07578 0.46042 0.07500 0.45729 0.07500 0.45469 0.07344 0.45260 0.07344 0.45208 0.07266
11 0.46719 0.05312 0.46615 0.05469 0.46406 0.06719 0.46354 0.07187 0.46354 0.08516 0.46406 0.08672 0.46563 0.08906 0.46667 0.08984 0.46823 0.08984 0.46979 0.09141 0.47344 0.09297 0.47552 0.09297 0.47813 0.09141 0.47865 0.08984 0.47969 0.08359 0.48073 0.07422 0.48177 0.06328 0.48177 0.06016 0.48125 0.05859 0.47969 0.05625 0.47396 0.05391 0.47083 0.05312
11 0.44948 0.03125 0.44740 0.03281 0.44635 0.03438 0.44531 0.03750 0.44479 0.03984 0.44427 0.04531 0.44375 0.04844 0.44219 0.05234 0.44219 0.06250 0.44323 0.06406 0.44635 0.06641 0.45000 0.06797 0.45312 0.06797 0.45417 0.06719 0.45573 0.06484 0.45885 0.05781 0.45937 0.05625 0.46094 0.04844 0.46146 0.04453 0.46146 0.03750 0.46094 0.03594 0.46042 0.03516 0.45937 0.03438 0.45781 0.03438 0.45469 0.03203 0.45260 0.03125
11 0.42708 0.05000 0.42604 0.05078 0.42552 0.05156 0.42500 0.05312 0.42500 0.05703 0.42448 0.06172 0.42344 0.06797 0.42188 0.07187 0.42135 0.07422 0.42083 0.07734 0.42083 0.07969 0.42135 0.08203 0.42292 0.08438 0.42448 0.08594 0.42656 0.08750 0.42812 0.08828 0.43073 0.08906 0.43490 0.08906 0.43594 0.08750 0.43698 0.08438 0.43802 0.07969 0.43958 0.07109 0.44062 0.06016 0.44062 0.05312 0.43958 0.05156 0.43854 0.05078 0.43698 0.05000 0.43281 0.04922 0.43073 0.04922
11 0.44010 0.01484 0.43646 0.01328 0.43333 0.01250 0.43073 0.01250 0.42865 0.01406 0.42708 0.01562 0.42552 0.01875 0.42448 0.02187 0.42240 0.02500 0.42135 0.02734 0.42031 0.03047 0.41979 0.03359 0.41979 0.03906 0.42031 0.04141 0.42083 0.04297 0.42135 0.04375 0.42552 0.04688 0.42760 0.04766 0.43125 0.04766 0.43281 0.04688 0.43490 0.04375 0.43542 0.04063 0.43594 0.03906 0.43802 0.03594 0.43906 0.03359 0.44167 0.02578 0.44219 0.02031 0.44167 0.01719
11 0.40469 0.02734 0.40313 0.02969 0.40208 0.03281 0.40156 0.03828 0.39948 0.04609 0.39896 0.05000 0.39948 0.05547 0.40000 0.05703 0.40156 0.05937 0.40625 0.06172 0.40937 0.06250 0.41302 0.06250 0.41458 0.06016 0.41510 0.05859 0.41563 0.05547 0.41615 0.05078 0.41823 0.04297 0.41875 0.03906 0.41927 0.03281 0.41875 0.03125 0.41771 0.02969 0.41667 0.02891 0.41250 0.02734 0.40990 0.02656 0.40677 0.02656
11 0.39948 0.01094 0.39583 0.01016 0.39010 0.01016 0.38802 0.01094 0.38698 0.01172 0.38490 0.01484 0.38333 0.02031 0.38125 0.02422 0.37917 0.03047 0.37917 0.03281 0.37969 0.03516 0.38073 0.03672 0.38073 0.03750 0.38125 0.03828 0.38177 0.03828 0.38281 0.03984 0.38594 0.04141 0.38802 0.04219 0.39271 0.04219 0.39427 0.04141 0.39792 0.03594 0.39896 0.03359 0.40104 0.02656 0.40156 0.02422 0.40208 0.01953 0.40156 0.01641 0.40104 0.01406 0.40052 0.01250
11 0.41979 0.00000 0.40260 0.00000 0.40208 0.00313 0.39948 0.00703 0.39896 0.00937 0.40052 0.01172 0.40156 0.01406 0.40208 0.01562 0.40208 0.01875 0.40313 0.02187 0.40469 0.02344 0.40573 0.02422 0.40937 0.02422 0.41042 0.02344 0.41198 0.02109 0.41198 0.02031 0.41406 0.01719 0.41875 0.00703 0.41979 0.00391
11 0.44479 0.00000 0.44479 0.00391 0.44219 0.01484 0.44271 0.02031 0.44323 0.02422 0.44479 0.02656 0.44792 0.02813 0.45052 0.02891 0.45260 0.02891 0.45417 0.02813 0.45521 0.02656 0.45677 0.02187 0.45729 0.01953 0.45729 0.01484 0.45833 0.01016 0.45885 0.00547 0.45885 0.00000
11 0.46563 0.01484 0.46458 0.01562 0.46406 0.01719 0.46354 0.02031 0.46250 0.02891 0.46250 0.03984 0.46302 0.04297 0.46354 0.04453 0.46563 0.04766 0.46771 0.04922 0.47135 0.05000 0.47448 0.05000 0.47604 0.04766 0.47708 0.04453 0.47760 0.03984 0.47813 0.03047 0.47813 0.01953 0.47760 0.01797 0.47708 0.01719 0.47604 0.01641 0.47135 0.01484
11 0.48125 0.00000 0.48125 0.00391 0.47917 0.01484 0.47917 0.02187 0.47969 0.02422 0.48021 0.02578 0.48125 0.02734 0.48385 0.02891 0.48646 0.03281 0.48802 0.03359 0.49062 0.03359 0.49167 0.03281 0.49219 0.03203 0.49219 0.03125 0.49323 0.02969 0.49427 0.02266 0.49531 0.01016 0.49531 0.00703 0.49427 0.00000
11 0.48646 0.03750 0.48542 0.03906 0.48490 0.04141 0.48438 0.04531 0.48438 0.05000 0.48385 0.05312 0.48281 0.05625 0.48229 0.05937 0.48229 0.06484 0.48281 0.06719 0.48438 0.06953 0.48542 0.07031 0.48646 0.07031 0.48750 0.07109 0.48958 0.07344 0.49167 0.07500 0.49583 0.07500 0.49792 0.07344 0.49896 0.07031 0.50000 0.06563 0.50052 0.06172 0.50104 0.05391 0.50104 0.04375 0.50052 0.04219 0.49896 0.04063 0.49375 0.03828 0.49115 0.03750
11 0.50313 0.02266 0.50260 0.02344 0.50208 0.02500 0.50156 0.02969 0.50156 0.03594 0.50208 0.04844 0.50260 0.05000 0.50417 0.05234 0.50885 0.05547 0.51354 0.05547 0.51667 0.05312 0.51823 0.05078 0.51823 0.03828 0.51771 0.03047 0.51719 0.02734 0.51667 0.02578 0.51562 0.02422 0.51354 0.02266 0.50938 0.02187 0.50417 0.02187
11 0.50833 0.06172 0.50677 0.06406 0.50625 0.07891 0.50625 0.08828 0.50677 0.09219 0.50781 0.09531 0.50990 0.09688 0.51302 0.09844 0.51510 0.09922 0.51771 0.10000 0.52240 0.10000 0.52396 0.09766 0.52448 0.09609 0.52396 0.08359 0.52396 0.07734 0.52448 0.07656 0.52448 0.06953 0.52344 0.06641 0.51927 0.06328 0.51771 0.06250 0.51042 0.06094 0.50938 0.06094
11 0.48906 0.08047 0.48802 0.08359 0.48750 0.08594 0.48698 0.09062 0.48698 0.09766 0.48542 0.10781 0.48542 0.11484 0.48594 0.11641 0.48802 0.11797 0.49167 0.11953 0.49896 0.12187 0.50260 0.12187 0.50365 0.12031 0.50417 0.11875 0.50469 0.11484 0.50469 0.10469 0.50573 0.09531 0.50573 0.08594 0.50521 0.08438 0.50417 0.08359 0.50260 0.08281 0.49844 0.08125 0.49271 0.07969
11 0.49583 0.00000 0.49583 0.00469 0.49635 0.00937 0.49740 0.01250 0.49792 0.01328 0.49844 0.01328 0.50104 0.01641 0.50208 0.01719 0.50417 0.01797 0.50677 0.01797 0.50833 0.01719 0.50938 0.01641 0.51146 0.01328 0.51198 0.01172 0.51250 0.00937 0.51354 0.00234 0.51354 0.00000
11 0.51615 0.11016 0.51510 0.11094 0.51406 0.11406 0.51302 0.12109 0.51250 0.12969 0.51198 0.13437 0.51094 0.13828 0.50990 0.14688 0.50990 0.15937 0.51042 0.16172 0.51146 0.16406 0.51458 0.16875 0.51562 0.16953 0.51771 0.17031 0.52135 0.17109 0.52448 0.17109 0.52552 0.17031 0.52656 0.16875 0.52760 0.16562 0.52865 0.15781 0.52865 0.15234 0.52917 0.14844 0.53177 0.13828 0.53333 0.12734 0.53333 0.12031 0.53229 0.11875 0.53125 0.11797 0.52865 0.11719 0.52396 0.11328 0.51771 0.11016
11 0.50885 0.16250 0.50417 0.16250 0.49375 0.16406 0.49323 0.16562 0.49219 0.18203 0.49219 0.19766 0.49271 0.19922 0.49375 0.20078 0.49479 0.20156 0.49792 0.20234 0.50260 0.20312 0.50729 0.20312 0.50833 0.20234 0.50885 0.20156 0.50938 0.20000 0.50990 0.19766 0.51042 0.19219 0.51094 0.17969 0.51094 0.16641 0.51042 0.16484
11 0.45521 0.14922 0.45417 0.14922 0.45104 0.15000 0.44948 0.15234 0.44896 0.15391 0.44844 0.15625 0.44792 0.16016 0.44792 0.18438 0.44844 0.19141 0.44948 0.20000 0.45052 0.20312 0.45156 0.20391 0.46094 0.20234 0.46250 0.20156 0.46354 0.20078 0.46406 0.19922 0.46406 0.18984 0.46302 0.18516 0.46302 0.16953 0.46250 0.16016 0.45833 0.15391 0.45781 0.15156 0.45729 0.15078
11 0.44323 0.19062 0.43750 0.19062 0.43594 0.19141 0.43490 0.19219 0.43281 0.19531 0.43125 0.20000 0.42969 0.20547 0.42656 0.21953 0.42552 0.22891 0.42552 0.23594 0.42604 0.23750 0.42656 0.23828 0.42760 0.23906 0.43958 0.24297 0.44115 0.24141 0.44271 0.24063 0.44323 0.23984 0.44427 0.23672 0.44583 0.23047 0.44688 0.22500 0.44740 0.21875 0.44740 0.21094 0.44844 0.20703 0.44896 0.20078 0.44844 0.19531 0.44688 0.19297 0.44479 0.19141
11 0.41458 0.14844 0.41250 0.14766 0.40573 0.14766 0.40260 0.14844 0.40156 0.14922 0.40104 0.15000 0.40052 0.15156 0.40052 0.15625 0.39896 0.16953 0.39844 0.17188 0.39792 0.17344 0.39479 0.17813 0.39323 0.17891 0.39219 0.18047 0.39167 0.18281 0.39167 0.18672 0.39219 0.18984 0.39323 0.19141 0.39531 0.19297 0.39948 0.19453 0.40052 0.19531 0.40313 0.19844 0.40573 0.19844 0.40677 0.19766 0.40990 0.19453 0.41250 0.19062 0.41458 0.18594 0.41510 0.18438 0.41771 0.16797 0.41823 0.16328 0.41823 0.15625 0.41667 0.15156
11 0.42031 0.22969 0.40885 0.22969 0.40469 0.23047 0.40313 0.23125 0.40156 0.23359 0.40052 0.24219 0.40052 0.24844 0.39948 0.25391 0.39948 0.25938 0.39792 0.26797 0.39792 0.27500 0.39844 0.27734 0.40000 0.27969 0.40104 0.28047 0.40469 0.28203 0.40729 0.28281 0.41146 0.28359 0.41302 0.28359 0.41354 0.28281 0.41615 0.28203 0.41667 0.28047 0.41667 0.27891 0.41719 0.27734 0.41823 0.27578 0.41927 0.27266 0.41979 0.26953 0.42031 0.26328 0.42031 0.25156 0.42083 0.24609 0.42135 0.24219 0.42344 0.23516 0.42292 0.23125
11 0.46146 0.22812 0.45885 0.22891 0.45573 0.23047 0.45469 0.23125 0.45417 0.23281 0.45365 0.23516 0.45312 0.23906 0.45312 0.24297 0.45260 0.24609 0.45156 0.24922 0.45052 0.25703 0.45052 0.26641 0.45000 0.27109 0.44948 0.27187 0.44948 0.27500 0.45052 0.27891 0.45312 0.28125 0.45677 0.28203 0.45990 0.28437 0.46510 0.28516 0.46667 0.28516 0.46875 0.28437 0.46979 0.28359 0.46979 0.28203 0.47031 0.28125 0.47083 0.27344 0.47083 0.26562 0.47135 0.25938 0.47344 0.24375 0.47344 0.23594 0.47240 0.23203 0.46979 0.22891 0.46771 0.22812
11 0.47917 0.18906 0.47813 0.18984 0.47552 0.19297 0.47552 0.19375 0.47344 0.19766 0.47187 0.20156 0.47135 0.20703 0.47135 0.22422 0.47240 0.22969 0.47448 0.23438 0.47656 0.23750 0.47760 0.23828 0.48073 0.23906 0.48750 0.23906 0.48854 0.23828 0.48906 0.23750 0.48958 0.23594 0.49115 0.22578 0.49115 0.20234 0.48958 0.19531 0.48802 0.19297 0.48698 0.19219 0.48438 0.19141 0.48281 0.18906 0.48177 0.18828
11 0.50417 0.22969 0.50313 0.23047 0.50208 0.23203 0.50156 0.23594 0.50104 0.24219 0.50052 0.25234 0.50052 0.25938 0.50104 0.26953 0.50208 0.27500 0.50313 0.27813 0.50417 0.27969 0.50625 0.28125 0.50885 0.28281 0.51250 0.28437 0.51927 0.28437 0.52083 0.28359 0.52187 0.28281 0.52344 0.28047 0.52396 0.27891 0.52448 0.27578 0.52448 0.26875 0.52344 0.26172 0.52344 0.25469 0.52240 0.25156 0.52187 0.24766 0.52187 0.24219 0.51979 0.23594 0.51771 0.23281 0.51302 0.22969 0.51094 0.22891 0.50573 0.22891
11 0.52083 0.20000 0.51979 0.20156 0.51927 0.20625 0.51927 0.22031 0.51979 0.23203 0.52083 0.23594 0.52187 0.23906 0.52396 0.24219 0.52604 0.24375 0.52760 0.24453 0.53750 0.24688 0.54010 0.24531 0.54063 0.24375 0.54115 0.22578 0.54115 0.21094 0.54063 0.20938 0.53698 0.20312 0.53542 0.20078 0.53438 0.20000 0.53229 0.19922 0.52187 0.19922
11 0.48698 0.26797 0.48438 0.26953 0.48281 0.27187 0.48177 0.27656 0.48073 0.28281 0.48021 0.28828 0.48021 0.30391 0.48125 0.31562 0.48229 0.31953 0.48438 0.32422 0.48542 0.32578 0.48750 0.32734 0.49062 0.32891 0.49844 0.32891 0.50156 0.32656 0.50313 0.32422 0.50417 0.32031 0.50417 0.30156 0.50365 0.29609 0.50313 0.29297 0.50208 0.28984 0.50156 0.28516 0.50156 0.28047 0.50104 0.27656 0.49948 0.27031 0.49792 0.26797 0.49688 0.26719 0.48958 0.26719
11 0.44844 0.27734 0.44271 0.27734 0.44115 0.27813 0.43958 0.27969 0.43646 0.28437 0.43594 0.28672 0.43542 0.29063 0.43490 0.30000 0.43385 0.30547 0.43177 0.31094 0.42969 0.31406 0.42917 0.31562 0.42812 0.32109 0.42812 0.33281 0.42865 0.33437 0.42969 0.33594 0.43073 0.33672 0.43177 0.33672 0.43385 0.33828 0.43490 0.33984 0.43698 0.34141 0.43854 0.34219 0.44271 0.34219 0.44375 0.34063 0.44427 0.33750 0.44479 0.33594 0.44583 0.33359 0.44844 0.32969 0.45000 0.32578 0.45052 0.32266 0.45104 0.32109 0.45365 0.31641 0.45469 0.31328 0.45573 0.30781 0.45625 0.30000 0.45677 0.29688 0.45781 0.29375 0.45833 0.29063 0.45833 0.28750 0.45729 0.28437 0.45521 0.28281 0.45260 0.28203 0.45156 0.28125 0.44948 0.27813
11 0.47813 0.32109 0.46563 0.32109 0.46458 0.32188 0.46250 0.32500 0.46146 0.32812 0.46094 0.33047 0.45937 0.34297 0.45885 0.35078 0.45885 0.36953 0.46042 0.38438 0.46146 0.38750 0.46302 0.38984 0.46406 0.39375 0.46563 0.39609 0.46719 0.39687 0.47865 0.39375 0.47969 0.39297 0.48177 0.38984 0.48229 0.38828 0.48229 0.38516 0.48281 0.38438 0.48281 0.38203 0.48229 0.38125 0.48177 0.37734 0.48125 0.36953 0.48125 0.35938 0.48177 0.35859 0.48177 0.34766 0.48281 0.33984 0.48333 0.33047 0.48281 0.32734 0.48229 0.32578 0.48125 0.32422 0.48125 0.32344 0.48073 0.32266
11 0.51302 0.32266 0.51146 0.32500 0.51094 0.32656 0.51042 0.32969 0.50990 0.33437 0.50990 0.34219 0.51042 0.34766 0.51146 0.35234 0.51198 0.36250 0.51250 0.36719 0.51302 0.37031 0.51354 0.37188 0.51562 0.37656 0.51719 0.37891 0.51771 0.37891 0.51979 0.38203 0.52187 0.38359 0.52760 0.38516 0.53333 0.38516 0.53438 0.38438 0.53594 0.38281 0.53958 0.37734 0.53958 0.36641 0.53906 0.36094 0.53750 0.35000 0.53594 0.34609 0.53490 0.34141 0.53438 0.33750 0.53438 0.33281 0.53385 0.32969 0.53333 0.32812 0.53229 0.32656 0.53021 0.32578 0.52708 0.32578 0.52135 0.32344 0.51771 0.32266
11 0.53385 0.29063 0.53333 0.29219 0.53333 0.30078 0.53385 0.31016 0.53490 0.32266 0.53594 0.32656 0.53594 0.33828 0.53646 0.34141 0.53698 0.34297 0.53802 0.34453 0.53906 0.34531 0.54115 0.34609 0.54479 0.34687 0.55781 0.34687 0.55885 0.34609 0.55990 0.34297 0.55990 0.33437 0.55885 0.32969 0.55833 0.32422 0.55833 0.31719 0.55729 0.30938 0.55417 0.29297 0.55365 0.29141 0.55260 0.28984 0.55156 0.28906 0.54688 0.28906 0.54635 0.28984 0.54219 0.28984 0.53646 0.28906
11 0.49531 0.37812 0.49427 0.37891 0.49323 0.38047 0.49271 0.38203 0.49115 0.38906 0.49115 0.43125 0.49167 0.43750 0.49219 0.43984 0.49323 0.44219 0.49531 0.44531 0.49688 0.44688 0.50000 0.44766 0.51302 0.44766 0.51406 0.44688 0.51510 0.44297 0.51458 0.43203 0.51562 0.42500 0.51562 0.42188 0.51354 0.39297 0.51302 0.38828 0.51198 0.38359 0.51094 0.38047 0.50990 0.37891 0.50833 0.37812 0.50052 0.37734 0.49688 0.37734
11 0.46198 0.38906 0.46094 0.38828 0.45573 0.38750 0.44948 0.38828 0.44740 0.38906 0.44635 0.38984 0.44531 0.39141 0.44427 0.39375 0.44323 0.39687 0.44219 0.40234 0.44062 0.40781 0.43906 0.41016 0.43802 0.41250 0.43698 0.41641 0.43542 0.42422 0.43385 0.43906 0.43385 0.44844 0.43490 0.45469 0.43594 0.45781 0.43750 0.46016 0.43958 0.46094 0.44896 0.46250 0.45625 0.46250 0.45729 0.46172 0.45833 0.46016 0.45937 0.45469 0.45990 0.44844 0.45937 0.43984 0.45937 0.43516 0.45990 0.42812 0.46146 0.41875 0.46302 0.41406 0.46354 0.41172 0.46354 0.39453 0.46302 0.39141 0.46250 0.38984
11 0.55052 0.38750 0.54948 0.38906 0.54896 0.39297 0.54896 0.41406 0.55000 0.42344 0.55000 0.43672 0.55052 0.44688 0.55156 0.45156 0.55260 0.45469 0.55469 0.45625 0.55937 0.45781 0.56198 0.45781 0.56667 0.46016 0.57240 0.46016 0.57708 0.45312 0.57760 0.45000 0.57812 0.44375 0.57812 0.43984 0.57760 0.43125 0.57604 0.41797 0.57396 0.40625 0.57188 0.39844 0.57188 0.39531 0.57135 0.39375 0.56979 0.39141 0.56875 0.39062 0.56667 0.38984 0.55990 0.38984 0.55677 0.38906 0.55312 0.38750
11 0.53333 0.44297 0.53229 0.44375 0.52552 0.45391 0.52500 0.45625 0.52500 0.49844 0.52552 0.50781 0.52604 0.51172 0.52656 0.51328 0.52865 0.51641 0.52917 0.51641 0.53073 0.51953 0.53177 0.52031 0.53438 0.52109 0.55000 0.52109 0.55104 0.52031 0.55260 0.51797 0.55417 0.51172 0.55417 0.50078 0.55260 0.46328 0.55156 0.45469 0.55000 0.44844 0.54896 0.44688 0.54792 0.44609 0.54167 0.44609 0.53958 0.44531 0.53802 0.44375 0.53646 0.44297
11 0.42917 0.44922 0.41823 0.44922 0.41250 0.45156 0.41146 0.45234 0.40885 0.45625 0.40781 0.45937 0.40677 0.46484 0.40677 0.46953 0.40469 0.48203 0.40313 0.48906 0.40156 0.49297 0.40104 0.49531 0.40052 0.50000 0.39896 0.50469 0.39844 0.50703 0.39844 0.51562 0.39948 0.51953 0.40156 0.52266 0.40313 0.52422 0.40729 0.52734 0.40990 0.52812 0.41667 0.53438 0.41823 0.53438 0.41875 0.53516 0.41979 0.53516 0.42083 0.53438 0.42188 0.53281 0.42396 0.52500 0.42500 0.51953 0.42552 0.51562 0.42552 0.51172 0.42604 0.50859 0.42760 0.50156 0.42865 0.49922 0.43021 0.49219 0.43073 0.48828 0.43229 0.46875 0.43385 0.46016 0.43385 0.45703 0.43281 0.45312 0.43073 0.45000
11 0.44844 0.52500 0.44583 0.52656 0.44375 0.52969 0.44271 0.53359 0.44219 0.53750 0.44167 0.55859 0.44167 0.60234 0.44375 0.61094 0.44479 0.61094 0.44531 0.61172 0.44740 0.61250 0.45833 0.61406 0.46406 0.61406 0.46667 0.61250 0.46771 0.61094 0.46823 0.60938 0.46875 0.60625 0.46979 0.59297 0.47031 0.57812 0.46979 0.56406 0.47031 0.54219 0.46979 0.53594 0.46927 0.53281 0.46823 0.52969 0.46615 0.52812 0.46406 0.52734 0.45885 0.52734 0.45469 0.52500
11 0.49896 0.50000 0.48594 0.50000 0.48177 0.50078 0.47708 0.50391 0.47500 0.50703 0.47500 0.51484 0.47552 0.52578 0.47656 0.53516 0.47865 0.54609 0.47917 0.55000 0.47917 0.55547 0.47969 0.56094 0.48177 0.57344 0.48542 0.58437 0.48646 0.58516 0.48802 0.58516 0.48854 0.58437 0.49062 0.58437 0.49740 0.57891 0.50156 0.57422 0.50260 0.57422 0.50469 0.57109 0.50573 0.56797 0.50625 0.56484 0.50573 0.55234 0.50417 0.53750 0.50417 0.51406 0.50208 0.50234 0.50104 0.50078
11 0.50677 0.51406 0.50521 0.51641 0.50469 0.52031 0.50469 0.53594 0.50625 0.55312 0.50573 0.58359 0.50677 0.58828 0.50833 0.59141 0.51302 0.59844 0.51458 0.60000 0.51927 0.60000 0.52448 0.59844 0.52969 0.59844 0.53125 0.59766 0.53281 0.59531 0.53333 0.59375 0.53333 0.57422 0.53229 0.56563 0.53125 0.56172 0.52969 0.54609 0.52969 0.53672 0.52917 0.52656 0.52865 0.52266 0.52760 0.51953 0.52552 0.51641 0.52083 0.51250 0.51771 0.51172 0.51354 0.51328 0.50885 0.51328
11 0.56927 0.52422 0.56823 0.52578 0.56771 0.52734 0.56771 0.54453 0.56823 0.55000 0.56979 0.55859 0.57240 0.58203 0.57240 0.58906 0.57344 0.59297 0.57396 0.59844 0.57396 0.60391 0.57448 0.60625 0.57552 0.60781 0.58958 0.60859 0.59531 0.60859 0.59688 0.60781 0.60000 0.60313 0.60104 0.60000 0.60208 0.59531 0.60208 0.58906 0.60156 0.58516 0.60052 0.58047 0.59948 0.57812 0.59896 0.57578 0.59792 0.56641 0.59792 0.56094 0.59531 0.53672 0.59427 0.53281 0.59219 0.52734 0.59062 0.52500 0.58906 0.52422 0.57865 0.52344 0.57083 0.52344
11 0.54896 0.57812 0.54583 0.58281 0.54479 0.58594 0.54323 0.59453 0.54219 0.60469 0.54167 0.66484 0.54219 0.66719 0.54323 0.66953 0.54583 0.67109 0.54740 0.67266 0.54948 0.67656 0.54948 0.67812 0.55000 0.67969 0.55104 0.68125 0.55208 0.68203 0.55990 0.68203 0.56927 0.68125 0.57188 0.68047 0.57292 0.67969 0.57396 0.67812 0.57448 0.67656 0.57448 0.64531 0.57396 0.62344 0.57292 0.59844 0.57240 0.59219 0.57188 0.58984 0.57031 0.58750 0.56927 0.58672 0.56667 0.58672 0.56458 0.58828 0.56042 0.58828 0.55937 0.58750 0.55677 0.58359 0.55677 0.58281 0.55469 0.57969 0.55312 0.57812
11 0.49010 0.58750 0.48802 0.58906 0.48698 0.59062 0.48646 0.59219 0.48594 0.59688 0.48542 0.59922 0.48333 0.60547 0.48073 0.62500 0.48073 0.62969 0.47969 0.63438 0.47917 0.64219 0.47917 0.65000 0.47813 0.65703 0.47813 0.66094 0.47865 0.66563 0.47917 0.66719 0.48177 0.67109 0.48490 0.67266 0.48750 0.67266 0.48958 0.67344 0.49062 0.67422 0.49271 0.67812 0.49375 0.67891 0.50156 0.68047 0.50677 0.68047 0.50833 0.67812 0.50885 0.67656 0.50938 0.66875 0.50990 0.64844 0.51042 0.63906 0.51198 0.62734 0.51302 0.62422 0.51354 0.61953 0.51354 0.60469 0.51250 0.60000 0.51146 0.59766 0.50990 0.59531 0.50625 0.59219 0.50365 0.59062 0.49531 0.58750
11 0.43125 0.60469 0.42396 0.60469 0.41719 0.60547 0.41458 0.60703 0.41198 0.60703 0.40885 0.60781 0.40781 0.60859 0.40677 0.61016 0.40625 0.61172 0.40677 0.62266 0.40729 0.62578 0.40833 0.62891 0.41094 0.65000 0.41094 0.65859 0.41250 0.67109 0.41354 0.67266 0.41615 0.68359 0.41615 0.69844 0.41667 0.70312 0.41719 0.70469 0.42031 0.70625 0.42344 0.70625 0.42917 0.70547 0.43229 0.70469 0.43438 0.70312 0.43906 0.70312 0.44062 0.70078 0.44115 0.69922 0.44167 0.67031 0.44010 0.65312 0.43906 0.64687 0.43750 0.64297 0.43594 0.63672 0.43542 0.63281 0.43542 0.62422 0.43490 0.61719 0.43385 0.60938 0.43281 0.60625
11 0.52135 0.66641 0.52031 0.66719 0.51875 0.66953 0.51875 0.67969 0.51823 0.68672 0.51719 0.69375 0.51719 0.70078 0.51510 0.71641 0.51406 0.73203 0.51250 0.73984 0.51250 0.74922 0.51406 0.75469 0.51562 0.75703 0.51667 0.75781 0.52135 0.75938 0.52969 0.76094 0.53958 0.76094 0.54115 0.75938 0.54323 0.75234 0.54375 0.74687 0.54375 0.72422 0.54583 0.70078 0.54635 0.69688 0.54740 0.69375 0.54792 0.69063 0.54792 0.68047 0.54635 0.67812 0.54479 0.67734 0.54167 0.67266 0.53646 0.66875 0.53333 0.66719 0.52656 0.66563 0.52396 0.66563
11 0.55156 0.74453 0.54844 0.74922 0.54792 0.75078 0.54792 0.76328 0.54896 0.78672 0.54844 0.82188 0.55000 0.82734 0.55208 0.82891 0.55677 0.83047 0.56094 0.83047 0.56406 0.83203 0.57135 0.83672 0.57500 0.83828 0.57865 0.83906 0.58073 0.83906 0.58333 0.83750 0.58385 0.83516 0.58385 0.81484 0.58333 0.79766 0.58229 0.78828 0.58177 0.77266 0.58177 0.75625 0.58125 0.75234 0.58073 0.75078 0.57917 0.74922 0.57708 0.74844 0.56615 0.74844 0.56354 0.74766 0.55990 0.74453 0.55833 0.74375 0.55312 0.74375
11 0.50990 0.76172 0.50833 0.76172 0.50781 0.76250 0.50000 0.76484 0.49688 0.76484 0.48802 0.76719 0.48594 0.76875 0.48490 0.77031 0.48438 0.77266 0.48438 0.77891 0.48542 0.78594 0.48542 0.79297 0.48594 0.79844 0.48802 0.81328 0.48958 0.82031 0.49010 0.82500 0.49010 0.82969 0.49062 0.83437 0.49167 0.83984 0.49271 0.84219 0.49479 0.84531 0.49531 0.84688 0.49583 0.85000 0.49583 0.85469 0.49635 0.85625 0.50208 0.85703 0.51458 0.85234 0.51771 0.85078 0.51927 0.84844 0.52031 0.84453 0.52031 0.83906 0.51927 0.83359 0.51875 0.82734 0.51875 0.81641 0.51771 0.80234 0.51667 0.79453 0.51406 0.78125 0.51302 0.77031 0.51146 0.76406
11 0.45521 0.69453 0.45417 0.69609 0.45365 0.69766 0.45312 0.70234 0.45312 0.72422 0.45260 0.73359 0.45156 0.73984 0.45156 0.74609 0.45052 0.75234 0.44948 0.76875 0.45000 0.77578 0.45104 0.77891 0.45260 0.78047 0.45781 0.78203 0.46198 0.78203 0.46615 0.78281 0.47031 0.78516 0.47292 0.78516 0.47448 0.78359 0.47500 0.78203 0.47552 0.77891 0.47760 0.75234 0.47760 0.73438 0.47865 0.71797 0.47865 0.70625 0.47813 0.69922 0.47708 0.69688 0.47448 0.69531 0.45885 0.69375
11 0.42500 0.76328 0.42135 0.76406 0.42083 0.76562 0.41979 0.77266 0.41979 0.77656 0.41927 0.78047 0.41667 0.79297 0.41615 0.80000 0.41510 0.80547 0.41354 0.80937 0.41250 0.81406 0.41198 0.81953 0.41042 0.82656 0.40833 0.83203 0.40573 0.84297 0.40521 0.84766 0.40625 0.85313 0.40990 0.85547 0.41458 0.85703 0.41719 0.85859 0.42760 0.86719 0.42917 0.86797 0.43177 0.86797 0.43333 0.86562 0.43438 0.86172 0.43542 0.85234 0.43698 0.84688 0.43854 0.83828 0.44010 0.82734 0.44010 0.82344 0.44271 0.80937 0.44375 0.80156 0.44427 0.79297 0.44531 0.78906 0.44583 0.78516 0.44583 0.77734 0.44479 0.77578 0.44375 0.77500 0.44219 0.77500 0.43073 0.76797
11 0.54635 0.82031 0.54479 0.81953 0.54063 0.81953 0.53385 0.82109 0.52240 0.82109 0.52083 0.82188 0.51979 0.82344 0.51979 0.82969 0.52083 0.83516 0.52083 0.84922 0.51927 0.85469 0.51927 0.86094 0.51979 0.87031 0.52083 0.88047 0.52083 0.89375 0.52031 0.89453 0.52031 0.90781 0.52083 0.90938 0.52187 0.91016 0.52708 0.91016 0.53073 0.90859 0.53646 0.90781 0.54531 0.90781 0.55000 0.90703 0.55260 0.90547 0.55365 0.90312 0.55365 0.88750 0.55208 0.86562 0.54948 0.84922 0.54844 0.83750 0.54844 0.82891 0.54740 0.82188
11 0.47448 0.83047 0.47292 0.83281 0.47187 0.83594 0.46927 0.84766 0.46563 0.85703 0.46094 0.87187 0.45990 0.87656 0.45937 0.88203 0.45833 0.88672 0.45677 0.89062 0.45208 0.91094 0.45208 0.91641 0.45312 0.91953 0.45521 0.92266 0.45885 0.92500 0.46354 0.92734 0.46979 0.92969 0.47344 0.93281 0.47708 0.93281 0.47813 0.93203 0.47917 0.92812 0.48021 0.92109 0.48021 0.91719 0.48177 0.91016 0.48177 0.90625 0.48646 0.88438 0.48958 0.87578 0.48958 0.87344 0.49323 0.86328 0.49479 0.85703 0.49479 0.84844 0.49427 0.84609 0.49219 0.84297 0.49115 0.84219 0.49010 0.84219 0.48073 0.83437 0.47865 0.83125 0.47760 0.83047
11 0.50990 0.90469 0.50833 0.90547 0.50573 0.90938 0.50469 0.91406 0.50208 0.93281 0.50208 0.93672 0.50000 0.95078 0.49948 0.95312 0.49635 0.96250 0.49479 0.97031 0.49479 0.99453 0.49583 0.99766 0.49740 0.99766 0.49896 0.99922 0.51875 0.99922 0.51979 0.99766 0.52083 0.99062 0.52083 0.98516 0.52187 0.97891 0.52292 0.97578 0.52396 0.96953 0.52448 0.96172 0.52552 0.95547 0.52656 0.95078 0.52760 0.94844 0.52865 0.94375 0.52865 0.94063 0.52969 0.93594 0.53229 0.92891 0.53281 0.92578 0.53281 0.92109 0.53177 0.91953 0.52969 0.91797 0.52760 0.91719 0.52292 0.91250 0.51719 0.91016 0.51510 0.90859 0.51354 0.90625
11 0.40677 0.89766 0.40573 0.89922 0.40521 0.90078 0.40573 0.92422 0.40469 0.92969 0.40469 0.93672 0.40521 0.93984 0.40677 0.94375 0.40781 0.95000 0.40885 0.96328 0.40885 0.97734 0.40990 0.98047 0.41094 0.98281 0.41250 0.98516 0.41667 0.98750 0.42656 0.99062 0.43177 0.99141 0.43958 0.99141 0.44062 0.98984 0.44115 0.98750 0.44115 0.97578 0.43906 0.94766 0.43854 0.94297 0.43646 0.93047 0.43542 0.91797 0.43542 0.90938 0.43490 0.89922 0.43385 0.89609 0.42656 0.89609 0.41823 0.89766
11 0.46615 0.96719 0.46510 0.97031 0.46510 0.97422 0.46615 0.98359 0.46615 0.99531 0.46719 0.99922 0.49375 0.99922 0.49427 0.99766 0.49427 0.99297 0.49375 0.97500 0.49271 0.97109 0.49167 0.97031 0.48646 0.97109 0.48490 0.97109 0.47656 0.96953 0.46979 0.96641 0.46719 0.96641
11 0.56354 0.97500 0.55781 0.97500 0.55417 0.97578 0.54740 0.97813 0.54323 0.97813 0.53958 0.97891 0.53750 0.97969 0.53594 0.98047 0.53490 0.98125 0.53438 0.98281 0.53385 0.98594 0.53385 0.99062 0.53438 0.99766 0.53490 0.99922 0.56510 0.99922 0.56563 0.99766 0.56563 0.98672 0.56510 0.98125 0.56458 0.97813
