11 0.38073 0.41484 0.37865 0.41641 0.37760 0.41797 0.37656 0.42188 0.37552 0.43047 0.37500 0.43281 0.37344 0.43672 0.37240 0.44062 0.37188 0.44688 0.37135 0.44922 0.36979 0.45312 0.36875 0.45703 0.36771 0.46484 0.36771 0.47813 0.36875 0.48203 0.36927 0.48281 0.36979 0.48281 0.37083 0.48438 0.37656 0.48906 0.38333 0.49375 0.38542 0.49453 0.38906 0.49453 0.39010 0.49375 0.39167 0.49141 0.39271 0.48828 0.39271 0.48672 0.39323 0.48516 0.39531 0.48125 0.39687 0.47656 0.39792 0.47187 0.39792 0.46641 0.39948 0.45703 0.40000 0.45234 0.40000 0.44609 0.40052 0.44062 0.40156 0.43594 0.40156 0.42734 0.40000 0.42344 0.39687 0.41953 0.39479 0.41797 0.39115 0.41641 0.38802 0.41563 0.38438 0.41563 0.38385 0.41484
11 0.40729 0.34687 0.40521 0.34844 0.40365 0.35078 0.40313 0.35234 0.40260 0.35625 0.40208 0.36328 0.40208 0.37422 0.40104 0.38359 0.40052 0.39609 0.40052 0.40156 0.40104 0.40703 0.40156 0.40859 0.40313 0.41094 0.40417 0.41172 0.41563 0.41719 0.41927 0.41719 0.42083 0.41484 0.42240 0.41094 0.42448 0.40078 0.42500 0.39531 0.42552 0.37031 0.42552 0.35547 0.42500 0.35078 0.42448 0.34922 0.42344 0.34766 0.42240 0.34687 0.42031 0.34609 0.41042 0.34609
11 0.38125 0.29766 0.38021 0.29844 0.37812 0.30156 0.37656 0.30625 0.37552 0.31250 0.37396 0.31641 0.37188 0.32578 0.37083 0.33516 0.37083 0.35234 0.37135 0.35547 0.37188 0.35703 0.37396 0.36016 0.37500 0.36094 0.37812 0.36250 0.38177 0.36328 0.39062 0.36328 0.39271 0.36250 0.39375 0.36172 0.39531 0.35938 0.39583 0.35781 0.39635 0.35234 0.39948 0.33906 0.40000 0.33594 0.40156 0.32109 0.40208 0.31172 0.40208 0.30781 0.40156 0.30703 0.40156 0.30234 0.40104 0.30078 0.40000 0.29922 0.39896 0.29844 0.39687 0.29766 0.39010 0.29688 0.38490 0.29688
11 0.42396 0.23984 0.42292 0.23906 0.42031 0.23828 0.41094 0.23828 0.40781 0.23906 0.40625 0.23984 0.40417 0.24141 0.40156 0.24453 0.39792 0.25000 0.39531 0.25859 0.39271 0.26328 0.39167 0.26641 0.39062 0.27109 0.38958 0.27891 0.39010 0.28437 0.39062 0.28594 0.39219 0.28828 0.39583 0.29063 0.39948 0.29609 0.40052 0.29688 0.40208 0.29766 0.40677 0.29766 0.40781 0.29688 0.40937 0.29453 0.41094 0.28906 0.41250 0.28516 0.41406 0.28281 0.41510 0.27969 0.41563 0.27656 0.41667 0.27344 0.41771 0.27187 0.41979 0.26562 0.42135 0.25703 0.42240 0.25391 0.42448 0.24922 0.42500 0.24688 0.42500 0.24141
11 0.39687 0.18750 0.39219 0.18672 0.38854 0.18984 0.38646 0.19062 0.38438 0.19062 0.38073 0.19219 0.37969 0.19297 0.37865 0.19453 0.37812 0.19453 0.37760 0.19531 0.37708 0.19687 0.37500 0.20859 0.37344 0.21250 0.37292 0.21484 0.37240 0.22031 0.37188 0.22969 0.37240 0.23438 0.37344 0.23750 0.37396 0.23750 0.37812 0.24219 0.38021 0.24375 0.38490 0.24609 0.38958 0.24609 0.39167 0.24453 0.39271 0.24297 0.39375 0.23984 0.39479 0.23438 0.39531 0.22891 0.39531 0.22266 0.39583 0.21719 0.39740 0.21016 0.39792 0.20234 0.39792 0.19531 0.39740 0.18906
11 0.40573 0.16250 0.40417 0.16328 0.40313 0.16484 0.40260 0.16641 0.40208 0.16953 0.40208 0.17266 0.40104 0.17813 0.39896 0.18438 0.39844 0.18828 0.39792 0.20000 0.39792 0.20547 0.39844 0.20781 0.39948 0.20938 0.40104 0.21094 0.40313 0.21250 0.40469 0.21328 0.40781 0.21328 0.41094 0.21484 0.41458 0.21484 0.41563 0.21406 0.41667 0.21250 0.41719 0.21016 0.41771 0.20625 0.41771 0.19531 0.41719 0.17109 0.41667 0.16875 0.41615 0.16719 0.41510 0.16641 0.41198 0.16562 0.41094 0.16484 0.40990 0.16328 0.40885 0.16250
11 0.39740 0.12266 0.39427 0.12031 0.38802 0.11719 0.38385 0.11719 0.38177 0.11953 0.38021 0.12266 0.37656 0.13125 0.37448 0.13437 0.37396 0.13437 0.37188 0.13750 0.37083 0.14062 0.37031 0.14297 0.36979 0.14688 0.36979 0.15547 0.37083 0.15703 0.37135 0.15703 0.37292 0.15937 0.37448 0.16094 0.37552 0.16172 0.37812 0.16250 0.38073 0.16484 0.38438 0.16484 0.38958 0.16172 0.39219 0.15781 0.39375 0.15391 0.39531 0.14922 0.39792 0.13672 0.39948 0.13281 0.39948 0.12656 0.39896 0.12500
11 0.40573 0.08047 0.40469 0.08125 0.40365 0.08281 0.40313 0.08516 0.40208 0.09609 0.40156 0.11016 0.40156 0.12500 0.40260 0.12656 0.40365 0.12734 0.41042 0.12969 0.41406 0.13047 0.41563 0.13047 0.41823 0.12656 0.41875 0.12422 0.41875 0.08438 0.41719 0.08203 0.41615 0.08125 0.41302 0.08047
11 0.38281 0.05937 0.38177 0.06094 0.38125 0.06406 0.38125 0.07344 0.38021 0.07969 0.38021 0.08516 0.38125 0.08984 0.38177 0.09141 0.38281 0.09297 0.38490 0.09453 0.38750 0.09609 0.39167 0.09766 0.39479 0.09844 0.39740 0.09844 0.39844 0.09766 0.40000 0.09531 0.40052 0.09375 0.40104 0.09062 0.40156 0.08516 0.40156 0.07734 0.40000 0.06641 0.39896 0.06250 0.39687 0.05937 0.39583 0.05859 0.39271 0.05781 0.38854 0.05781 0.38385 0.05859
11 0.40469 0.03672 0.40365 0.03828 0.40260 0.04531 0.40260 0.06563 0.40313 0.06719 0.40521 0.07031 0.40990 0.07266 0.41250 0.07344 0.41615 0.07266 0.41719 0.07187 0.41771 0.07109 0.41823 0.06953 0.41771 0.05703 0.41771 0.05156 0.41823 0.03984 0.41771 0.03828 0.41667 0.03750 0.41354 0.03672 0.40833 0.03594 0.40729 0.03594
11 0.38750 0.01719 0.38542 0.01875 0.38385 0.02109 0.38281 0.02344 0.38177 0.02656 0.38125 0.02891 0.38021 0.03594 0.38021 0.04297 0.38073 0.04531 0.38333 0.04922 0.38542 0.05078 0.38854 0.05234 0.39583 0.05234 0.39740 0.05000 0.39792 0.04844 0.39896 0.04375 0.39948 0.03828 0.40052 0.03594 0.40104 0.03359 0.40104 0.02422 0.40052 0.02266 0.39896 0.02031 0.39740 0.01953 0.38958 0.01719
11 0.40521 0.00000 0.40521 0.00391 0.40417 0.00703 0.40365 0.01094 0.40365 0.01641 0.40313 0.01719 0.40313 0.02187 0.40365 0.02422 0.40417 0.02578 0.40521 0.02734 0.40729 0.02891 0.41094 0.02969 0.41406 0.02969 0.41563 0.02891 0.41719 0.02656 0.41771 0.02500 0.41823 0.02266 0.41875 0.01875 0.41875 0.01484 0.41979 0.01094 0.41979 0.00000
11 0.42656 0.02109 0.42656 0.02187 0.42552 0.02344 0.42500 0.02500 0.42448 0.02891 0.42396 0.03672 0.42396 0.03984 0.42448 0.04688 0.42500 0.04922 0.42708 0.05234 0.42865 0.05312 0.43073 0.05391 0.43385 0.05391 0.43750 0.05312 0.43906 0.05234 0.44010 0.05078 0.44062 0.04922 0.44115 0.03047 0.44115 0.02500 0.44062 0.02344 0.43854 0.02187 0.43542 0.02031 0.43229 0.02031 0.43177 0.01953 0.42917 0.01953
11 0.44531 0.00000 0.44531 0.00234 0.44427 0.00469 0.44375 0.00781 0.44375 0.02578 0.44427 0.02734 0.44583 0.02891 0.44688 0.02969 0.45104 0.03047 0.45781 0.03047 0.45937 0.02813 0.45937 0.02266 0.45833 0.01719 0.45833 0.01328 0.45885 0.01250 0.45885 0.00781 0.45833 0.00547 0.45729 0.00391 0.45573 0.00313 0.45469 0.00234 0.45417 0.00000
11 0.44896 0.03906 0.44792 0.03984 0.44688 0.04375 0.44635 0.04688 0.44583 0.05156 0.44583 0.06797 0.44635 0.07031 0.44688 0.07187 0.44844 0.07344 0.45260 0.07578 0.45469 0.07656 0.45990 0.07656 0.46094 0.07578 0.46198 0.07422 0.46250 0.07187 0.46250 0.06563 0.46198 0.04688 0.46146 0.04531 0.45937 0.04219 0.45833 0.04141 0.45677 0.04063 0.45208 0.03906
11 0.46615 0.01719 0.46458 0.01875 0.46198 0.02422 0.46146 0.02813 0.46146 0.03203 0.46042 0.03438 0.45990 0.03672 0.45990 0.04063 0.46042 0.04219 0.46250 0.04531 0.46354 0.04922 0.46510 0.05156 0.46615 0.05234 0.46875 0.05312 0.47083 0.05312 0.47240 0.05156 0.47396 0.04922 0.47448 0.04688 0.47500 0.04063 0.47708 0.03203 0.47760 0.02813 0.47760 0.02500 0.47708 0.02344 0.47604 0.02187 0.47500 0.02109 0.46719 0.01719
11 0.48229 0.00000 0.48177 0.00313 0.48073 0.00469 0.48021 0.00625 0.47969 0.00859 0.47865 0.02031 0.47865 0.03203 0.47917 0.03359 0.47969 0.03438 0.48073 0.03516 0.48229 0.03594 0.48490 0.03672 0.49010 0.03750 0.49323 0.03672 0.49427 0.03516 0.49479 0.03281 0.49531 0.02109 0.49531 0.00859 0.49479 0.00703 0.49375 0.00547 0.49271 0.00469 0.49115 0.00391 0.48854 0.00391 0.48646 0.00313 0.48385 0.00156 0.48385 0.00000
11 0.48594 0.04219 0.48542 0.04375 0.48438 0.04844 0.48385 0.06484 0.48385 0.06797 0.48490 0.07187 0.48594 0.07344 0.48802 0.07500 0.49375 0.07812 0.49583 0.07891 0.49948 0.07891 0.50052 0.07812 0.50104 0.07734 0.50156 0.07578 0.50156 0.06016 0.50052 0.05547 0.50052 0.04844 0.50000 0.04688 0.49948 0.04609 0.49844 0.04531 0.49323 0.04297 0.48906 0.04141
11 0.50104 0.02813 0.50000 0.03125 0.50000 0.03516 0.50052 0.04219 0.50104 0.04453 0.50313 0.05000 0.50417 0.05234 0.50625 0.05547 0.50781 0.05703 0.50885 0.05781 0.52187 0.05781 0.52344 0.05625 0.52396 0.05469 0.52448 0.05156 0.52448 0.04844 0.52396 0.04531 0.52240 0.04063 0.51927 0.03203 0.51823 0.03047 0.51823 0.02969 0.51771 0.02891 0.51562 0.02734 0.50729 0.02500 0.50417 0.02500 0.50260 0.02578
11 0.49635 0.00000 0.49635 0.00469 0.49688 0.00937 0.49792 0.01328 0.49844 0.01484 0.50000 0.01797 0.50052 0.01875 0.50260 0.02109 0.50365 0.02187 0.50885 0.02422 0.51406 0.02422 0.51562 0.02187 0.51615 0.02031 0.51667 0.01484 0.51615 0.01172 0.51562 0.00937 0.51354 0.00313 0.51354 0.00000
11 0.51979 0.01562 0.51875 0.01719 0.51823 0.02031 0.51823 0.02734 0.51875 0.03125 0.51927 0.03359 0.52083 0.03906 0.52187 0.04141 0.52448 0.04609 0.52552 0.04688 0.52969 0.04688 0.53229 0.04453 0.53281 0.04375 0.53333 0.04219 0.53385 0.03984 0.53438 0.03672 0.53385 0.03203 0.53333 0.02969 0.53229 0.02734 0.53229 0.02500 0.53177 0.02344 0.53073 0.02187 0.53073 0.02109 0.53021 0.02031 0.52969 0.02031 0.52865 0.01875 0.52552 0.01641 0.52396 0.01562
11 0.52604 0.05547 0.52552 0.05703 0.52500 0.06016 0.52500 0.06328 0.52552 0.07109 0.52604 0.07422 0.52708 0.07891 0.52865 0.08359 0.53021 0.08594 0.53125 0.08672 0.53281 0.08750 0.53906 0.08750 0.54063 0.08672 0.54167 0.08594 0.54375 0.08281 0.54375 0.08047 0.54427 0.07969 0.54427 0.07812 0.54375 0.07578 0.54323 0.07422 0.54167 0.07109 0.54115 0.06953 0.54063 0.06719 0.54063 0.06484 0.54010 0.06250 0.53958 0.06094 0.53906 0.06016 0.53698 0.05859 0.53594 0.05859 0.53229 0.05547 0.52865 0.05391 0.52708 0.05469
11 0.51302 0.06719 0.51094 0.06875 0.50990 0.07031 0.50990 0.07109 0.50833 0.07344 0.50781 0.07500 0.50729 0.07734 0.50677 0.08125 0.50677 0.09766 0.50729 0.10000 0.50781 0.10156 0.50833 0.10234 0.50938 0.10312 0.51146 0.10391 0.51406 0.10469 0.51771 0.10547 0.52344 0.10547 0.52448 0.10469 0.52552 0.10312 0.52604 0.10000 0.52656 0.09375 0.52656 0.08828 0.52760 0.08359 0.52708 0.07969 0.52656 0.07812 0.52396 0.07422 0.51615 0.06797 0.51458 0.06797 0.51406 0.06719
11 0.49115 0.08906 0.49010 0.08984 0.48958 0.09141 0.48958 0.09375 0.48854 0.09609 0.48802 0.10156 0.48802 0.12187 0.48854 0.12656 0.48958 0.12969 0.49062 0.13125 0.49167 0.13203 0.49323 0.13281 0.50000 0.13516 0.50417 0.13594 0.50573 0.13594 0.50677 0.13516 0.50781 0.13359 0.50781 0.12656 0.50729 0.12578 0.50677 0.11719 0.50677 0.09922 0.50625 0.09531 0.50469 0.09297 0.49948 0.09062 0.49479 0.08906
11 0.46927 0.06016 0.46719 0.06172 0.46667 0.06328 0.46510 0.07031 0.46458 0.07422 0.46458 0.08984 0.46510 0.09141 0.46615 0.09375 0.46719 0.09531 0.46875 0.09609 0.47448 0.09766 0.47865 0.09766 0.48021 0.09531 0.48021 0.07969 0.48073 0.07578 0.48177 0.07266 0.48177 0.06641 0.48073 0.06484 0.47917 0.06328 0.47448 0.06094 0.47187 0.06016
11 0.45052 0.08516 0.45000 0.08672 0.45000 0.08750 0.44844 0.09062 0.44792 0.09375 0.44635 0.10938 0.44583 0.11719 0.44583 0.12266 0.44635 0.12656 0.44792 0.12891 0.45000 0.13047 0.45156 0.13125 0.45833 0.13359 0.46042 0.13359 0.46250 0.13203 0.46302 0.12812 0.46302 0.11016 0.46354 0.10234 0.46458 0.09766 0.46510 0.09141 0.46458 0.08984 0.46302 0.08828 0.46042 0.08672 0.45469 0.08438
11 0.43021 0.06016 0.42865 0.06250 0.42708 0.06719 0.42656 0.07109 0.42604 0.07656 0.42552 0.08516 0.42552 0.09531 0.42604 0.09688 0.42760 0.09922 0.43125 0.10156 0.43438 0.10234 0.43958 0.10234 0.44062 0.10156 0.44115 0.10000 0.44167 0.09766 0.44167 0.08438 0.44219 0.07891 0.44323 0.07422 0.44323 0.06719 0.44115 0.06406 0.43906 0.06250 0.43385 0.06016
11 0.43177 0.13437 0.43073 0.13516 0.42969 0.13672 0.42917 0.13828 0.42865 0.14062 0.42812 0.14609 0.42656 0.15078 0.42552 0.15625 0.42500 0.16016 0.42500 0.16953 0.42552 0.17266 0.42708 0.17500 0.43073 0.17656 0.44010 0.17578 0.44115 0.17266 0.44167 0.16719 0.44219 0.16484 0.44375 0.16094 0.44479 0.15625 0.44479 0.13984 0.44375 0.13672 0.44271 0.13672 0.44219 0.13594 0.43906 0.13516
11 0.46927 0.12891 0.46771 0.13125 0.46719 0.13359 0.46719 0.16328 0.46771 0.16562 0.46927 0.16875 0.47135 0.17188 0.47135 0.17344 0.47187 0.17500 0.47292 0.17656 0.47396 0.17734 0.48125 0.17734 0.48229 0.17656 0.48333 0.17500 0.48438 0.17188 0.48490 0.16875 0.48490 0.15469 0.48385 0.14609 0.48385 0.13672 0.48333 0.13516 0.48281 0.13437 0.48229 0.13437 0.48125 0.13281 0.47865 0.13125 0.47552 0.12969 0.47344 0.12891
11 0.51771 0.13359 0.51667 0.13437 0.51562 0.13594 0.51510 0.13594 0.51458 0.13672 0.51458 0.13750 0.51354 0.13906 0.51302 0.14062 0.51250 0.14297 0.51146 0.15391 0.51146 0.16875 0.51198 0.17109 0.51354 0.17422 0.51354 0.17500 0.51406 0.17656 0.51458 0.17734 0.51562 0.17813 0.51719 0.17891 0.52448 0.18125 0.52708 0.18125 0.52969 0.18047 0.53073 0.17969 0.53229 0.17734 0.53281 0.17344 0.53281 0.16797 0.53229 0.15000 0.53125 0.14531 0.53021 0.14297 0.52604 0.13828 0.52135 0.13437 0.51875 0.13359
11 0.53333 0.09922 0.53177 0.10156 0.53177 0.11094 0.53281 0.11719 0.53281 0.13516 0.53333 0.13828 0.53490 0.14062 0.53646 0.14141 0.54688 0.14141 0.54896 0.14062 0.55104 0.13906 0.55208 0.13750 0.55260 0.13594 0.55312 0.13359 0.55312 0.12812 0.55208 0.11953 0.55104 0.11406 0.54948 0.10781 0.54844 0.10469 0.54792 0.10391 0.54688 0.10312 0.54375 0.10156 0.53698 0.09922
11 0.49688 0.16719 0.49583 0.17031 0.49531 0.17344 0.49479 0.17969 0.49427 0.19219 0.49427 0.20938 0.49479 0.21250 0.49531 0.21406 0.49740 0.21563 0.50208 0.21719 0.50729 0.21797 0.51250 0.21719 0.51302 0.21563 0.51354 0.20703 0.51354 0.18203 0.51302 0.17891 0.51250 0.17734 0.51042 0.17344 0.50833 0.17031 0.50729 0.16953 0.50000 0.16641
11 0.45937 0.16484 0.45833 0.16562 0.45781 0.16641 0.45573 0.17266 0.45417 0.18125 0.45365 0.18516 0.45365 0.18906 0.45260 0.19297 0.45208 0.19687 0.45208 0.20391 0.45260 0.20625 0.45365 0.20781 0.45469 0.20859 0.45781 0.21016 0.45990 0.21094 0.46198 0.21094 0.46250 0.21172 0.46406 0.21172 0.46719 0.21094 0.46823 0.21016 0.46927 0.20859 0.46979 0.20703 0.46979 0.18828 0.47031 0.18203 0.47135 0.17813 0.47135 0.17500 0.47083 0.17188 0.47031 0.17031 0.46927 0.16875 0.46823 0.16797 0.46719 0.16797 0.46510 0.16562 0.46198 0.16484
11 0.43958 0.20391 0.43698 0.20469 0.43594 0.20547 0.43333 0.20938 0.43281 0.21094 0.43229 0.21484 0.43021 0.22031 0.42917 0.22578 0.42917 0.23906 0.42969 0.24766 0.43073 0.25078 0.43177 0.25312 0.43333 0.25547 0.43542 0.25781 0.43750 0.25938 0.44115 0.26016 0.44479 0.26016 0.44688 0.25938 0.44792 0.25859 0.44844 0.25781 0.44948 0.25391 0.45052 0.23359 0.45052 0.22344 0.45000 0.21250 0.44948 0.20938 0.44896 0.20781 0.44740 0.20547 0.44635 0.20469 0.44427 0.20391
11 0.47760 0.20391 0.47552 0.20547 0.47292 0.20938 0.47187 0.21250 0.47187 0.23203 0.47240 0.23828 0.47344 0.24297 0.47396 0.24453 0.47604 0.24922 0.47760 0.25156 0.47865 0.25234 0.48021 0.25312 0.49010 0.25312 0.49219 0.25000 0.49271 0.24844 0.49375 0.24219 0.49375 0.21328 0.49323 0.21016 0.49219 0.20703 0.49115 0.20547 0.48906 0.20391 0.48698 0.20312 0.47969 0.20312
11 0.52708 0.20391 0.52552 0.20625 0.52500 0.20859 0.52448 0.21250 0.52396 0.21875 0.52396 0.23750 0.52448 0.24297 0.52500 0.24531 0.52604 0.24844 0.52760 0.25078 0.52917 0.25156 0.53698 0.25234 0.54531 0.25234 0.54635 0.25078 0.54688 0.24922 0.54740 0.24375 0.54740 0.24141 0.54688 0.23516 0.54635 0.23203 0.54531 0.22969 0.54479 0.22734 0.54427 0.22344 0.54427 0.21953 0.54375 0.21641 0.54271 0.21172 0.54219 0.21016 0.53854 0.20469 0.53542 0.20312 0.52865 0.20312
11 0.53958 0.17969 0.53802 0.18203 0.53802 0.18359 0.53750 0.18516 0.53802 0.19062 0.53906 0.19766 0.54010 0.20312 0.54323 0.21172 0.54479 0.21875 0.54479 0.22266 0.54531 0.22578 0.54688 0.22812 0.54792 0.22891 0.55260 0.22969 0.55885 0.22969 0.55990 0.22891 0.56042 0.22812 0.56042 0.22734 0.56250 0.22344 0.56354 0.22031 0.56354 0.21719 0.56250 0.21406 0.56042 0.21094 0.55937 0.20781 0.55885 0.20469 0.55885 0.20078 0.55833 0.19687 0.55781 0.19453 0.55521 0.18672 0.55365 0.18438 0.55156 0.18281 0.54844 0.18125 0.54375 0.17969
11 0.50625 0.24609 0.50521 0.24766 0.50521 0.25469 0.50365 0.26172 0.50313 0.26562 0.50260 0.27656 0.50260 0.27891 0.50313 0.28594 0.50365 0.28906 0.50521 0.29531 0.50625 0.29844 0.50781 0.30078 0.50990 0.30234 0.51719 0.30469 0.52448 0.30469 0.52552 0.30078 0.52552 0.27578 0.52500 0.25547 0.52448 0.25391 0.52344 0.25234 0.52240 0.25156 0.52031 0.25078 0.51771 0.24766 0.51406 0.24609 0.50990 0.24531 0.50885 0.24531
11 0.46354 0.24922 0.46198 0.25000 0.45937 0.25391 0.45885 0.25625 0.45573 0.26094 0.45521 0.26250 0.45469 0.26641 0.45417 0.27578 0.45417 0.28047 0.45469 0.29063 0.45573 0.29609 0.45625 0.29766 0.45729 0.29922 0.46042 0.30156 0.46615 0.30469 0.47240 0.30469 0.47500 0.30312 0.47708 0.30000 0.47813 0.29531 0.47865 0.28594 0.47865 0.26875 0.47760 0.25938 0.47656 0.25547 0.47500 0.25234 0.47344 0.25000 0.47135 0.24844 0.46667 0.24844
11 0.44583 0.29141 0.44115 0.29141 0.44010 0.29219 0.43958 0.29297 0.43906 0.29531 0.43802 0.29688 0.43750 0.29844 0.43698 0.30156 0.43542 0.30547 0.43281 0.30938 0.43177 0.31172 0.43073 0.31484 0.43021 0.31797 0.42969 0.32344 0.42917 0.32578 0.42865 0.32734 0.42760 0.32891 0.42656 0.33203 0.42604 0.33437 0.42604 0.34844 0.42656 0.35000 0.42708 0.35078 0.43385 0.35625 0.43750 0.35781 0.43854 0.35938 0.44062 0.35938 0.44323 0.35859 0.44635 0.35391 0.44792 0.35000 0.44948 0.34531 0.45156 0.33672 0.45156 0.33359 0.45260 0.33047 0.45417 0.31953 0.45417 0.31328 0.45573 0.30703 0.45573 0.30391 0.45469 0.30000 0.45312 0.29766 0.44896 0.29375
11 0.48958 0.29141 0.48750 0.29297 0.48698 0.29453 0.48594 0.30000 0.48542 0.30469 0.48542 0.31250 0.48438 0.31953 0.48281 0.32344 0.48229 0.32734 0.48229 0.33125 0.48281 0.33516 0.48333 0.33750 0.48594 0.34531 0.48698 0.34766 0.48958 0.35156 0.49115 0.35313 0.49271 0.35391 0.49896 0.35391 0.50156 0.35313 0.50417 0.35156 0.50573 0.34922 0.50625 0.34609 0.50625 0.31875 0.50521 0.31172 0.50521 0.30000 0.50469 0.29766 0.50365 0.29453 0.50260 0.29297 0.50104 0.29219 0.49792 0.29141
11 0.53906 0.29688 0.53750 0.29922 0.53698 0.30078 0.53646 0.30469 0.53646 0.32500 0.53698 0.33047 0.53750 0.33281 0.53906 0.33750 0.53958 0.33984 0.54010 0.34453 0.54115 0.34844 0.54479 0.35391 0.54688 0.35469 0.55156 0.35469 0.55625 0.35391 0.55885 0.35313 0.55990 0.35234 0.56094 0.35078 0.56146 0.34922 0.56198 0.34609 0.56198 0.33828 0.56146 0.33516 0.56042 0.33203 0.55990 0.32891 0.55937 0.32344 0.55937 0.31641 0.55885 0.31172 0.55781 0.30547 0.55677 0.30078 0.55573 0.29922 0.55417 0.29844 0.54635 0.29688
11 0.55677 0.26328 0.55521 0.26562 0.55417 0.27109 0.55417 0.29375 0.55469 0.29609 0.55677 0.29922 0.55781 0.30234 0.55833 0.30625 0.55990 0.31172 0.56146 0.31406 0.56302 0.31484 0.56563 0.31562 0.57031 0.31641 0.57292 0.31641 0.57604 0.31562 0.57812 0.31406 0.58021 0.31094 0.58073 0.30938 0.58073 0.30078 0.57917 0.29219 0.57812 0.28750 0.57552 0.27891 0.57292 0.27109 0.57083 0.26797 0.56875 0.26562 0.56771 0.26484 0.56563 0.26406 0.56198 0.26328
11 0.52031 0.34375 0.51875 0.34609 0.51823 0.34766 0.51771 0.35156 0.51719 0.36406 0.51719 0.37891 0.51667 0.37969 0.51667 0.39375 0.51771 0.39922 0.51823 0.40078 0.51875 0.40156 0.52135 0.40313 0.52448 0.40391 0.53646 0.40391 0.53750 0.40313 0.53958 0.40000 0.54063 0.39609 0.54063 0.38281 0.54010 0.35313 0.53958 0.34922 0.53802 0.34687 0.53385 0.34453 0.52500 0.34375
11 0.48490 0.35000 0.47865 0.34922 0.46927 0.34922 0.46719 0.35078 0.46615 0.35313 0.46563 0.35625 0.46510 0.36172 0.46302 0.36953 0.46302 0.37266 0.46250 0.37578 0.45990 0.38750 0.45781 0.39297 0.45729 0.39609 0.45729 0.40859 0.45885 0.41250 0.46146 0.41484 0.46354 0.41563 0.46719 0.41641 0.47396 0.41641 0.47604 0.41484 0.47656 0.41406 0.47708 0.41172 0.47813 0.41016 0.48021 0.40313 0.48073 0.40000 0.48073 0.39609 0.48125 0.39375 0.48229 0.39062 0.48385 0.38828 0.48490 0.38516 0.48594 0.38047 0.48698 0.37422 0.48750 0.36797 0.48750 0.35703 0.48698 0.35313 0.48646 0.35156 0.48594 0.35078
11 0.57656 0.35078 0.57448 0.35234 0.57396 0.35313 0.57396 0.35391 0.57292 0.35547 0.57135 0.36016 0.57135 0.36406 0.57083 0.36484 0.57083 0.36797 0.57188 0.38359 0.57188 0.38984 0.57135 0.40234 0.57188 0.40391 0.57396 0.40703 0.57656 0.40937 0.57760 0.40937 0.58021 0.41250 0.58229 0.41406 0.58750 0.41563 0.59427 0.41563 0.59531 0.41406 0.59635 0.41016 0.59635 0.39609 0.59583 0.38984 0.59479 0.38672 0.59427 0.38359 0.59427 0.37734 0.59375 0.37188 0.59219 0.36172 0.59115 0.35859 0.59062 0.35781 0.59010 0.35781 0.58906 0.35625 0.58802 0.35547 0.58698 0.35547 0.58490 0.35391 0.58385 0.35234 0.58073 0.35000 0.57865 0.35000
11 0.55781 0.40391 0.55677 0.40469 0.55573 0.40625 0.55521 0.40781 0.55417 0.41250 0.55365 0.41797 0.55312 0.41875 0.55365 0.44922 0.55417 0.45547 0.55625 0.46563 0.55677 0.46719 0.55781 0.46875 0.55990 0.47031 0.57396 0.47031 0.57865 0.46953 0.57969 0.46875 0.58073 0.46563 0.58125 0.46094 0.58125 0.44688 0.58073 0.43594 0.57917 0.42266 0.57812 0.41641 0.57760 0.41484 0.57448 0.41016 0.57240 0.40781 0.56823 0.40469 0.56563 0.40391
11 0.49948 0.40469 0.49740 0.40625 0.49635 0.40859 0.49583 0.41094 0.49531 0.42344 0.49531 0.46016 0.49583 0.46563 0.49635 0.46719 0.49792 0.46953 0.50208 0.46953 0.50990 0.47187 0.51615 0.47187 0.51719 0.47109 0.51823 0.46953 0.51875 0.46797 0.51875 0.43438 0.51823 0.41328 0.51771 0.41094 0.51510 0.40703 0.51302 0.40547 0.51094 0.40469
11 0.44167 0.41563 0.44010 0.41797 0.43958 0.42266 0.43958 0.42734 0.43854 0.43203 0.43750 0.44453 0.43750 0.45234 0.43594 0.46016 0.43542 0.46484 0.43542 0.48359 0.43594 0.48750 0.43750 0.48984 0.43854 0.49062 0.44062 0.49141 0.44167 0.49219 0.44271 0.49375 0.44635 0.49609 0.44948 0.49688 0.45260 0.49688 0.45521 0.49609 0.45781 0.49219 0.45885 0.48828 0.45990 0.47969 0.46094 0.46719 0.46094 0.45781 0.46198 0.45156 0.46198 0.44219 0.46302 0.43438 0.46354 0.42734 0.46354 0.42344 0.46302 0.42109 0.46146 0.41875 0.45885 0.41719 0.45625 0.41641 0.44896 0.41641 0.44844 0.41563
11 0.41250 0.47734 0.40990 0.47891 0.40885 0.48047 0.40781 0.48359 0.40677 0.48906 0.40573 0.49688 0.40521 0.50313 0.40521 0.51328 0.40469 0.51953 0.40417 0.52344 0.40260 0.53047 0.40260 0.54219 0.40313 0.54375 0.40625 0.54922 0.40781 0.55078 0.41146 0.55312 0.41615 0.55469 0.42031 0.55469 0.42292 0.55547 0.42344 0.55625 0.42500 0.55625 0.42552 0.55547 0.42760 0.55547 0.42865 0.55391 0.42969 0.55078 0.43021 0.54766 0.43177 0.53281 0.43229 0.52578 0.43229 0.50391 0.43333 0.49375 0.43281 0.48750 0.43177 0.48359 0.43073 0.48203 0.42865 0.48047 0.42448 0.47891 0.42031 0.47813
11 0.47396 0.47656 0.47292 0.47734 0.47187 0.47891 0.47135 0.48047 0.47135 0.50156 0.47240 0.51328 0.47240 0.54219 0.47396 0.55078 0.47552 0.55312 0.47656 0.55391 0.47865 0.55469 0.48906 0.55547 0.49531 0.55547 0.49635 0.55469 0.49740 0.55312 0.49792 0.55078 0.49844 0.54609 0.49844 0.53828 0.49792 0.53203 0.49688 0.52578 0.49635 0.51953 0.49635 0.51094 0.49531 0.50234 0.49479 0.49297 0.49479 0.48047 0.49375 0.47734 0.49271 0.47656 0.48750 0.47578 0.47760 0.47578
11 0.53490 0.46953 0.53385 0.47109 0.53333 0.47344 0.53281 0.48203 0.53281 0.51641 0.53333 0.52500 0.53385 0.52891 0.53490 0.53281 0.53594 0.53594 0.53854 0.53984 0.53958 0.54063 0.54323 0.54141 0.55573 0.54219 0.55781 0.54141 0.55885 0.54063 0.55937 0.53984 0.56042 0.53594 0.56042 0.52812 0.55937 0.52109 0.55937 0.50703 0.55885 0.49531 0.55781 0.48203 0.55677 0.47891 0.55469 0.47578 0.55260 0.47344 0.55052 0.47187 0.54740 0.47031 0.54375 0.46953
11 0.59583 0.48047 0.59427 0.48203 0.59323 0.48516 0.59323 0.49375 0.59427 0.51562 0.59427 0.52031 0.59375 0.52891 0.59479 0.53281 0.59948 0.53906 0.60052 0.54219 0.60052 0.54453 0.60260 0.54766 0.60469 0.54922 0.60885 0.55078 0.61771 0.55078 0.61875 0.55000 0.61927 0.54922 0.62135 0.54141 0.62187 0.53594 0.62187 0.53125 0.62135 0.51953 0.62083 0.51328 0.61979 0.50859 0.61927 0.50391 0.61927 0.49219 0.62031 0.48906 0.62031 0.48359 0.61927 0.48203 0.61615 0.47969 0.61146 0.47813 0.60365 0.47813 0.59948 0.47891
11 0.57604 0.53203 0.57448 0.53438 0.57240 0.54453 0.57135 0.55156 0.57083 0.55859 0.57135 0.56875 0.57083 0.59141 0.57135 0.59453 0.57344 0.60078 0.57448 0.60234 0.57604 0.60391 0.57917 0.60469 0.58073 0.60469 0.59479 0.60313 0.59792 0.60234 0.59896 0.60156 0.60052 0.59922 0.60104 0.59766 0.60156 0.59453 0.60208 0.58828 0.60208 0.56563 0.60156 0.56250 0.60052 0.55937 0.60000 0.55469 0.60000 0.54375 0.59948 0.54063 0.59896 0.53906 0.59740 0.53672 0.59323 0.53359 0.59115 0.53281 0.58125 0.53125 0.57865 0.53125
11 0.51458 0.53125 0.51302 0.53203 0.51146 0.53438 0.51094 0.53594 0.50990 0.54141 0.50938 0.54844 0.50833 0.55469 0.50521 0.56328 0.50469 0.56875 0.50417 0.57109 0.50208 0.57734 0.50000 0.59219 0.50000 0.60703 0.50104 0.61172 0.50469 0.61719 0.50573 0.61797 0.50781 0.61875 0.51302 0.61875 0.51667 0.62031 0.52292 0.62031 0.52448 0.61953 0.52552 0.61797 0.52656 0.61172 0.52656 0.60703 0.52865 0.59922 0.52917 0.59453 0.53021 0.57891 0.52969 0.56953 0.53073 0.56016 0.53281 0.55234 0.53333 0.54844 0.53333 0.54063 0.53073 0.53438 0.52865 0.53281 0.52292 0.53125
11 0.45000 0.55781 0.44948 0.55937 0.44948 0.56328 0.44896 0.56797 0.44688 0.57812 0.44583 0.58828 0.44531 0.59922 0.44531 0.61328 0.44427 0.62109 0.44427 0.62422 0.44479 0.62500 0.44479 0.62891 0.44583 0.63203 0.44844 0.63594 0.45104 0.63750 0.45417 0.63750 0.45885 0.63984 0.46719 0.63984 0.46927 0.63906 0.47031 0.63828 0.47292 0.63438 0.47396 0.62813 0.47448 0.61719 0.47500 0.57500 0.47396 0.56250 0.47344 0.56094 0.47187 0.55937 0.47031 0.55859 0.46458 0.55703 0.45417 0.55625 0.45365 0.55703
11 0.38125 0.57266 0.38021 0.57344 0.37865 0.57578 0.37812 0.57734 0.37708 0.58594 0.37708 0.59766 0.37656 0.60391 0.37552 0.60781 0.37344 0.61172 0.37240 0.61484 0.36979 0.62656 0.36979 0.63516 0.37083 0.64375 0.37188 0.64766 0.37396 0.65078 0.37656 0.65391 0.38698 0.65781 0.39167 0.66094 0.39375 0.66172 0.39687 0.66172 0.39948 0.66016 0.40052 0.65859 0.40104 0.65703 0.40104 0.65391 0.40208 0.64922 0.40313 0.64687 0.40417 0.64141 0.40417 0.63281 0.40521 0.62656 0.40521 0.62031 0.40573 0.61406 0.40625 0.61016 0.40729 0.60703 0.40833 0.59922 0.40833 0.58437 0.40729 0.58125 0.40573 0.58047 0.39687 0.57812 0.38698 0.57344 0.38385 0.57266
11 0.41927 0.64687 0.41719 0.64766 0.41510 0.64922 0.41458 0.65156 0.41354 0.65391 0.41250 0.65859 0.41198 0.66328 0.41146 0.67422 0.41094 0.67891 0.40885 0.68672 0.40573 0.70703 0.40469 0.71562 0.40469 0.72188 0.40521 0.72344 0.40677 0.72500 0.41354 0.72813 0.43021 0.72813 0.43229 0.72734 0.43438 0.72422 0.43490 0.72188 0.43542 0.71797 0.43594 0.70937 0.43698 0.70234 0.43854 0.69531 0.44010 0.68281 0.44062 0.67266 0.44062 0.65781 0.43958 0.65625 0.43698 0.65469 0.43438 0.65078 0.43177 0.64844 0.42969 0.64766
11 0.51250 0.64766 0.51042 0.64609 0.49792 0.64531 0.49323 0.64609 0.49062 0.64766 0.49010 0.64844 0.48906 0.65156 0.48854 0.65547 0.48646 0.66094 0.48490 0.66797 0.48385 0.67578 0.48177 0.68203 0.48073 0.68984 0.48125 0.70156 0.48073 0.71250 0.48177 0.71641 0.48281 0.71719 0.48542 0.71797 0.49948 0.71797 0.50625 0.71484 0.50781 0.71250 0.50833 0.71094 0.50885 0.70703 0.50885 0.69688 0.50938 0.69375 0.51094 0.69063 0.51250 0.68125 0.51458 0.67500 0.51562 0.67031 0.51615 0.66328 0.51615 0.65547 0.51510 0.65156
11 0.51146 0.69297 0.51042 0.69453 0.50990 0.69609 0.50990 0.71406 0.51042 0.72188 0.51198 0.72656 0.51302 0.73203 0.51458 0.74297 0.51667 0.75234 0.51927 0.75859 0.52240 0.76328 0.52344 0.76406 0.52656 0.76406 0.52917 0.76250 0.53229 0.76172 0.53646 0.76172 0.54115 0.76094 0.54323 0.76016 0.54531 0.75859 0.54583 0.75703 0.54635 0.75313 0.54635 0.75156 0.54479 0.73984 0.54271 0.73047 0.54167 0.72656 0.53906 0.71953 0.53854 0.71562 0.53802 0.71406 0.53490 0.70781 0.53333 0.70000 0.53281 0.69844 0.53073 0.69453 0.52917 0.68906 0.52865 0.68828 0.52760 0.68750 0.52396 0.68750 0.51667 0.68984
11 0.57396 0.63750 0.57188 0.63594 0.56615 0.63438 0.55677 0.63438 0.55573 0.63516 0.55521 0.63750 0.55417 0.63984 0.55365 0.64609 0.55208 0.65000 0.55052 0.65234 0.54948 0.65625 0.54948 0.66016 0.54896 0.66328 0.54583 0.67734 0.54115 0.69063 0.54063 0.69297 0.54063 0.70234 0.54167 0.70625 0.54271 0.70859 0.54479 0.71172 0.54583 0.71250 0.54948 0.71250 0.55156 0.71172 0.55365 0.71016 0.55781 0.70937 0.56302 0.70703 0.56719 0.70312 0.56875 0.70078 0.56979 0.69688 0.57083 0.69453 0.57344 0.69063 0.57396 0.68828 0.57448 0.68203 0.57500 0.67891 0.57604 0.67656 0.57656 0.67344 0.57656 0.67031 0.58021 0.65703 0.58021 0.64687 0.57865 0.64297 0.57708 0.64062
11 0.57760 0.68125 0.57552 0.68672 0.57500 0.68906 0.57500 0.69453 0.57604 0.70000 0.57917 0.70859 0.58021 0.71484 0.58333 0.72344 0.58437 0.72891 0.58437 0.73281 0.58490 0.73516 0.58646 0.73906 0.58958 0.74453 0.59010 0.74453 0.59115 0.74609 0.59792 0.74609 0.61198 0.74453 0.61458 0.74375 0.61615 0.74141 0.61615 0.73359 0.61562 0.73125 0.61458 0.72891 0.61406 0.72656 0.61302 0.71875 0.61198 0.71406 0.60938 0.70469 0.60833 0.70156 0.60625 0.69766 0.60469 0.69219 0.60156 0.68437 0.60000 0.68203 0.59896 0.68125 0.59219 0.67969 0.58698 0.67891 0.58229 0.67891 0.57917 0.67969
11 0.62031 0.63281 0.61875 0.63359 0.61615 0.63750 0.61562 0.63984 0.61510 0.64609 0.61406 0.65000 0.61146 0.65469 0.61042 0.66016 0.61042 0.66484 0.60938 0.67031 0.60833 0.67266 0.60677 0.68047 0.60677 0.69063 0.60729 0.69453 0.60885 0.70078 0.60990 0.70234 0.61146 0.70391 0.61458 0.70625 0.61979 0.70859 0.63333 0.70859 0.63490 0.70703 0.63594 0.70391 0.63698 0.69922 0.63802 0.69063 0.63854 0.68125 0.63958 0.67500 0.64115 0.66953 0.64167 0.66406 0.64167 0.64219 0.64010 0.63672 0.63958 0.63594 0.63698 0.63438 0.63073 0.63281
11 0.55312 0.76953 0.55208 0.77109 0.55156 0.77266 0.55104 0.77891 0.55156 0.81172 0.55208 0.82266 0.55260 0.82812 0.55365 0.83516 0.55469 0.83750 0.55573 0.84375 0.55573 0.85625 0.55677 0.86016 0.55781 0.86172 0.55885 0.86250 0.56146 0.86328 0.56979 0.86250 0.57552 0.86094 0.57760 0.85938 0.57917 0.85703 0.58021 0.85313 0.58021 0.83750 0.57917 0.83125 0.57865 0.82422 0.57865 0.79375 0.57812 0.77266 0.57760 0.77109 0.57656 0.76953 0.56563 0.76953 0.56510 0.76875 0.55469 0.76875
11 0.61198 0.79766 0.61042 0.79766 0.60990 0.79844 0.60781 0.79844 0.60521 0.80000 0.60208 0.80078 0.59792 0.80078 0.59427 0.80156 0.59271 0.80234 0.59010 0.80625 0.58958 0.80781 0.58854 0.81563 0.58854 0.82031 0.58906 0.82969 0.59062 0.83984 0.59062 0.84688 0.59271 0.86406 0.59375 0.86797 0.59792 0.87422 0.59896 0.87813 0.60000 0.87969 0.60104 0.88047 0.60521 0.88047 0.60781 0.87969 0.61198 0.87734 0.61562 0.87422 0.61719 0.87422 0.62240 0.87109 0.62448 0.86797 0.62656 0.86250 0.62656 0.85469 0.62552 0.84531 0.62500 0.84219 0.62344 0.83594 0.62344 0.83281 0.62187 0.82578 0.62031 0.82188 0.61875 0.81406 0.61823 0.80781 0.61771 0.80547 0.61667 0.80234 0.61562 0.80078 0.61562 0.80000 0.61510 0.79922 0.61406 0.79844
11 0.49271 0.76875 0.49115 0.77109 0.49062 0.79453 0.49062 0.81953 0.48958 0.82734 0.48958 0.83516 0.49010 0.84844 0.49062 0.85078 0.49219 0.85313 0.49375 0.85391 0.50052 0.85313 0.51302 0.85469 0.51562 0.85313 0.51719 0.85078 0.51823 0.84844 0.51927 0.84219 0.51927 0.82266 0.51875 0.78750 0.51823 0.77812 0.51771 0.77422 0.51562 0.77109 0.51354 0.77031 0.50885 0.77031 0.50469 0.76875
11 0.45208 0.71172 0.45104 0.71328 0.45052 0.71484 0.45052 0.73125 0.44948 0.74766 0.44948 0.76406 0.44844 0.77422 0.44844 0.78828 0.44896 0.78984 0.45052 0.79141 0.45365 0.79219 0.46250 0.79219 0.46458 0.79297 0.47031 0.79609 0.47500 0.79609 0.47656 0.79375 0.47760 0.78828 0.47813 0.78125 0.47813 0.72031 0.47760 0.71719 0.47656 0.71562 0.47552 0.71484 0.45937 0.71172
11 0.41302 0.77656 0.41198 0.77812 0.41146 0.77969 0.41094 0.79141 0.41094 0.79609 0.41146 0.80234 0.41146 0.82812 0.41094 0.84219 0.41146 0.84922 0.41198 0.85234 0.41250 0.85391 0.41302 0.85469 0.41563 0.85625 0.43281 0.85547 0.43750 0.85703 0.44010 0.85703 0.44219 0.85547 0.44323 0.85156 0.44375 0.84375 0.44375 0.83125 0.44271 0.82031 0.44271 0.80391 0.44167 0.79531 0.44167 0.78047 0.44062 0.77734 0.43958 0.77578 0.42865 0.77500 0.42292 0.77500 0.41458 0.77578
11 0.37969 0.74219 0.37865 0.74531 0.37708 0.75391 0.37604 0.76250 0.37552 0.77266 0.37500 0.77734 0.37135 0.80156 0.37135 0.81172 0.37188 0.81563 0.37292 0.81719 0.37500 0.81875 0.38438 0.82188 0.38594 0.82266 0.38854 0.82500 0.39323 0.82734 0.39583 0.82734 0.39792 0.82812 0.39948 0.82969 0.40365 0.83047 0.40573 0.82656 0.40677 0.82188 0.40677 0.81797 0.40885 0.80781 0.40937 0.80391 0.41146 0.76406 0.41094 0.75000 0.40885 0.74844 0.40365 0.74687 0.39896 0.74687 0.39115 0.74531 0.38750 0.74375 0.38438 0.74141
11 0.46094 0.85078 0.45833 0.85234 0.45781 0.85469 0.45677 0.87266 0.45677 0.88984 0.45625 0.90547 0.45521 0.91406 0.45521 0.93203 0.45625 0.93359 0.45781 0.93437 0.46094 0.93437 0.46875 0.93672 0.47760 0.94063 0.48021 0.94141 0.48281 0.94141 0.48438 0.93906 0.48490 0.93281 0.48490 0.92812 0.48594 0.92344 0.48698 0.90156 0.48750 0.88203 0.48750 0.86172 0.48646 0.85859 0.48385 0.85703 0.48021 0.85703 0.46979 0.85391 0.46302 0.85078
11 0.49896 0.92500 0.49844 0.92656 0.49792 0.93828 0.49792 0.98203 0.49844 0.98672 0.49948 0.98906 0.50000 0.99219 0.50000 0.99766 0.50052 0.99922 0.52760 0.99844 0.52760 0.99766 0.52865 0.99609 0.53021 0.99141 0.53073 0.98828 0.53073 0.98516 0.52969 0.97578 0.52865 0.97109 0.52760 0.96953 0.52708 0.96797 0.52708 0.93672 0.52656 0.92812 0.52604 0.92656 0.52448 0.92500 0.50000 0.92422
11 0.53229 0.83047 0.53073 0.83203 0.53021 0.83359 0.52969 0.83672 0.52969 0.84531 0.52865 0.85938 0.52708 0.87031 0.52656 0.87266 0.52552 0.87422 0.52500 0.87891 0.52500 0.89297 0.52604 0.90000 0.52760 0.90703 0.52865 0.90938 0.52969 0.90938 0.53021 0.91016 0.53594 0.91016 0.54115 0.91172 0.54635 0.91484 0.54948 0.91484 0.55156 0.91172 0.55208 0.91016 0.55365 0.89766 0.55417 0.89531 0.55573 0.89141 0.55625 0.88828 0.55625 0.88516 0.55573 0.88438 0.55469 0.87578 0.55521 0.86719 0.55521 0.84219 0.55417 0.83906 0.55208 0.83750 0.54896 0.83594 0.54635 0.83516 0.54375 0.83516 0.54010 0.83359 0.53646 0.83125 0.53438 0.83125 0.53385 0.83047
11 0.59010 0.89609 0.58437 0.89609 0.57188 0.89766 0.56979 0.89844 0.56771 0.90000 0.56719 0.90078 0.56615 0.90391 0.56719 0.92812 0.56823 0.93594 0.56875 0.94453 0.56823 0.96719 0.56875 0.97031 0.56979 0.97344 0.57031 0.97969 0.57135 0.98359 0.57344 0.98516 0.58490 0.98516 0.59688 0.98438 0.59792 0.98359 0.59896 0.98203 0.59948 0.97813 0.59948 0.96328 0.59844 0.95156 0.59844 0.93906 0.59792 0.93047 0.59688 0.92344 0.59479 0.91563 0.59427 0.90938 0.59323 0.90312 0.59167 0.89766
11 0.60781 0.96484 0.60677 0.96875 0.60677 0.97969 0.60781 0.99922 0.63802 0.99922 0.63854 0.99766 0.63854 0.98828 0.63958 0.97891 0.63958 0.96953 0.63906 0.96797 0.63750 0.96562 0.63594 0.96484 0.63333 0.96406 0.63073 0.96406 0.62760 0.96250 0.62292 0.95859 0.62031 0.95859 0.61979 0.95781 0.61771 0.95781 0.61562 0.95937 0.61406 0.96250 0.61302 0.96328 0.61094 0.96328
11 0.56302 0.97500 0.56198 0.97422 0.55885 0.97422 0.55365 0.97578 0.55104 0.97734 0.54844 0.97813 0.54531 0.97813 0.54167 0.97891 0.53958 0.98047 0.53906 0.98203 0.53906 0.98281 0.53750 0.98594 0.53698 0.98750 0.53646 0.99297 0.53646 0.99766 0.53750 0.99922 0.56510 0.99922 0.56563 0.99766 0.56563 0.99297 0.56510 0.98594 0.56458 0.98125 0.56406 0.97813
11 0.42083 0.96016 0.42031 0.96172 0.41979 0.96562 0.41927 0.97656 0.41771 0.98672 0.41719 0.99297 0.41719 0.99922 0.45156 0.99844 0.45156 0.99219 0.45260 0.98516 0.45312 0.97813 0.45312 0.96953 0.45260 0.96797 0.45052 0.96641 0.44740 0.96562 0.44271 0.96562 0.43594 0.96406 0.43073 0.96250 0.42760 0.96094 0.42604 0.95937 0.42448 0.95859 0.42240 0.95859 0.42135 0.95937
11 0.38698 0.89062 0.38542 0.89297 0.38438 0.90000 0.38229 0.90703 0.38125 0.91328 0.37969 0.92734 0.37708 0.93828 0.37604 0.94531 0.37500 0.95625 0.37500 0.96562 0.37552 0.96719 0.37656 0.96875 0.37760 0.96953 0.38021 0.97031 0.38385 0.97344 0.38646 0.97500 0.39375 0.97813 0.39687 0.98047 0.39792 0.98203 0.40104 0.98438 0.40260 0.98516 0.40833 0.98516 0.40937 0.98359 0.41198 0.97422 0.41250 0.96875 0.41406 0.96328 0.41615 0.94766 0.41615 0.94297 0.41771 0.93594 0.41823 0.93203 0.41823 0.92734 0.41927 0.92266 0.41979 0.91406 0.41979 0.90859 0.41927 0.90547 0.41823 0.90391 0.41719 0.90312 0.41146 0.90312 0.40521 0.90156 0.40365 0.90078 0.39792 0.89609 0.39427 0.89453 0.38958 0.89062
