11 0.43073 0.09141 0.42812 0.09297 0.42760 0.09375 0.42656 0.09766 0.42604 0.10156 0.42552 0.11094 0.42396 0.12266 0.42240 0.12969 0.42240 0.13359 0.42292 0.13750 0.42344 0.13984 0.42500 0.14453 0.42760 0.14844 0.42865 0.14922 0.43229 0.15078 0.43490 0.15078 0.43542 0.15156 0.43750 0.15156 0.43958 0.15078 0.44062 0.14922 0.44115 0.14766 0.44219 0.14219 0.44271 0.13828 0.44323 0.12969 0.44323 0.12031 0.44427 0.10625 0.44531 0.10156 0.44427 0.09609 0.44323 0.09531 0.43958 0.09375 0.43229 0.09141
11 0.44792 0.14375 0.44635 0.14609 0.44583 0.14766 0.44531 0.15156 0.44531 0.15703 0.44635 0.17109 0.44688 0.17578 0.44792 0.17891 0.44948 0.18047 0.45052 0.18125 0.45365 0.18203 0.45833 0.18281 0.46563 0.18281 0.46667 0.18125 0.46719 0.17969 0.46771 0.17734 0.46771 0.17266 0.46719 0.17188 0.46615 0.15859 0.46615 0.14844 0.46563 0.14688 0.46458 0.14531 0.46302 0.14453 0.45937 0.14375 0.45573 0.14375 0.45260 0.14297 0.45208 0.14219 0.45000 0.14219
11 0.47240 0.17578 0.47083 0.17813 0.46979 0.18281 0.46979 0.19531 0.47031 0.20391 0.47083 0.20781 0.47187 0.21016 0.47292 0.21172 0.47344 0.21172 0.47500 0.21406 0.47604 0.21484 0.47813 0.21563 0.48229 0.21641 0.49062 0.21641 0.49167 0.21563 0.49271 0.21406 0.49323 0.21172 0.49323 0.20234 0.49167 0.18047 0.49115 0.17813 0.48906 0.17500 0.48802 0.17422 0.48594 0.17344 0.47969 0.17344 0.47448 0.17422
11 0.47135 0.09141 0.47031 0.09219 0.46979 0.09297 0.46927 0.09453 0.46823 0.10000 0.46823 0.10781 0.46667 0.11953 0.46667 0.12812 0.46771 0.13359 0.46875 0.13750 0.47031 0.13984 0.47187 0.14062 0.47448 0.14141 0.47969 0.14219 0.48281 0.14219 0.48438 0.14141 0.48542 0.13984 0.48594 0.13828 0.48646 0.13594 0.48698 0.13125 0.48698 0.12500 0.48594 0.11016 0.48594 0.10703 0.48646 0.09766 0.48594 0.09609 0.48542 0.09531 0.48490 0.09531 0.48385 0.09375 0.48229 0.09297 0.47760 0.09141
11 0.44948 0.06641 0.44844 0.06797 0.44740 0.07109 0.44635 0.07500 0.44583 0.07969 0.44583 0.09453 0.44635 0.09609 0.44792 0.09844 0.44896 0.09922 0.45052 0.10000 0.45625 0.10078 0.46354 0.10078 0.46458 0.09922 0.46510 0.09688 0.46510 0.09453 0.46406 0.08594 0.46406 0.08125 0.46458 0.08047 0.46458 0.07578 0.46406 0.07344 0.46250 0.07109 0.46094 0.06953 0.45885 0.06797 0.45729 0.06719 0.45521 0.06641
11 0.43125 0.04375 0.42969 0.04453 0.42812 0.04688 0.42552 0.05469 0.42552 0.05703 0.42448 0.05937 0.42292 0.06719 0.42292 0.07422 0.42656 0.07969 0.42760 0.08047 0.43125 0.08203 0.43750 0.08203 0.43854 0.08125 0.43958 0.07969 0.44010 0.07656 0.44010 0.07344 0.44167 0.06797 0.44219 0.06250 0.44375 0.05781 0.44375 0.05156 0.44323 0.04922 0.44219 0.04766 0.44010 0.04609 0.43542 0.04453 0.43229 0.04375
11 0.40469 0.02187 0.40365 0.02344 0.40313 0.02656 0.40313 0.02891 0.40208 0.03359 0.39896 0.04219 0.39896 0.04609 0.39948 0.04922 0.40052 0.05078 0.40208 0.05156 0.40469 0.05234 0.40625 0.05312 0.40781 0.05547 0.40937 0.05625 0.41406 0.05625 0.41510 0.05547 0.41510 0.05391 0.41563 0.05312 0.41563 0.05000 0.41615 0.04766 0.41771 0.04297 0.41927 0.03203 0.41927 0.02578 0.41771 0.02344 0.41615 0.02266 0.41198 0.02187
11 0.40365 0.06406 0.40260 0.06563 0.40208 0.06719 0.40156 0.07187 0.40156 0.08281 0.40104 0.08359 0.40104 0.09375 0.40156 0.09531 0.40208 0.09609 0.40417 0.09766 0.40729 0.09844 0.41198 0.09922 0.41875 0.09922 0.41979 0.09766 0.42031 0.09531 0.42031 0.07187 0.41979 0.07031 0.41823 0.06797 0.41563 0.06563 0.41406 0.06484 0.40833 0.06328 0.40469 0.06328
11 0.42708 0.00625 0.42604 0.00781 0.42552 0.01328 0.42552 0.02187 0.42604 0.02656 0.42656 0.02891 0.42708 0.03047 0.42812 0.03281 0.42969 0.03438 0.43073 0.03516 0.43542 0.03594 0.43958 0.03594 0.44219 0.03516 0.44323 0.03359 0.44323 0.02500 0.44115 0.01172 0.44062 0.00937 0.44010 0.00781 0.43906 0.00703 0.43698 0.00625 0.43177 0.00547 0.42812 0.00547
11 0.44740 0.02422 0.44583 0.02656 0.44531 0.02969 0.44479 0.04297 0.44479 0.04688 0.44531 0.05078 0.44688 0.05312 0.44792 0.05391 0.44948 0.05469 0.45365 0.05625 0.45677 0.05625 0.45729 0.05703 0.45990 0.05703 0.46198 0.05547 0.46250 0.05312 0.46250 0.04688 0.46146 0.04063 0.46146 0.03281 0.46094 0.02969 0.45885 0.02656 0.45781 0.02578 0.45365 0.02422
11 0.44323 0.00000 0.44323 0.00469 0.44271 0.00547 0.44271 0.01094 0.44323 0.01328 0.44479 0.01562 0.44688 0.01719 0.44844 0.01797 0.45052 0.01875 0.45573 0.01875 0.45677 0.01797 0.45729 0.01719 0.45833 0.01406 0.45833 0.00000
11 0.46510 0.00781 0.46406 0.00937 0.46354 0.01406 0.46302 0.02422 0.46302 0.02734 0.46354 0.03125 0.46406 0.03281 0.46458 0.03359 0.46563 0.03438 0.46771 0.03516 0.47292 0.03594 0.47865 0.03594 0.47865 0.03438 0.47917 0.03359 0.47917 0.02656 0.47865 0.02031 0.47813 0.01562 0.47760 0.01250 0.47708 0.01094 0.47552 0.00859 0.47344 0.00781 0.46823 0.00703 0.46615 0.00703
11 0.46667 0.04688 0.46615 0.04844 0.46563 0.05078 0.46510 0.05703 0.46510 0.07031 0.46615 0.07344 0.46771 0.07578 0.46979 0.07734 0.47135 0.07812 0.47552 0.07891 0.48073 0.07891 0.48177 0.07812 0.48229 0.07734 0.48281 0.07578 0.48281 0.06953 0.48177 0.05469 0.48125 0.05156 0.48073 0.05000 0.47917 0.04844 0.47708 0.04766 0.47396 0.04609 0.47187 0.04531 0.46875 0.04531
11 0.48542 0.02891 0.48438 0.03047 0.48385 0.03203 0.48333 0.03438 0.48281 0.03828 0.48281 0.04453 0.48333 0.04922 0.48385 0.05234 0.48438 0.05469 0.48490 0.05625 0.48542 0.05703 0.48594 0.05703 0.48698 0.05859 0.48802 0.05937 0.48958 0.06016 0.49583 0.06172 0.49896 0.06172 0.50000 0.06094 0.50104 0.05937 0.50156 0.05781 0.50156 0.05000 0.50052 0.04375 0.50052 0.03750 0.50000 0.03516 0.49948 0.03359 0.49844 0.03203 0.49635 0.03047 0.49479 0.02969 0.49271 0.02891
11 0.48073 0.00000 0.48073 0.00391 0.48021 0.00469 0.48021 0.01016 0.48073 0.01250 0.48177 0.01562 0.48281 0.01719 0.48490 0.01875 0.48958 0.01953 0.49427 0.01953 0.49531 0.01797 0.49583 0.01562 0.49583 0.00547 0.49531 0.00469 0.49531 0.00000
11 0.50260 0.01406 0.50208 0.02578 0.50260 0.03047 0.50313 0.03359 0.50417 0.03828 0.50469 0.03984 0.50625 0.04219 0.50938 0.04297 0.51771 0.04297 0.51823 0.04141 0.51875 0.03828 0.51823 0.03281 0.51562 0.01719 0.51510 0.01562 0.51406 0.01484 0.50729 0.01328 0.50365 0.01328
11 0.50938 0.05156 0.50833 0.05312 0.50781 0.05547 0.50781 0.07500 0.50885 0.07969 0.51094 0.08281 0.51250 0.08359 0.51615 0.08359 0.52031 0.08516 0.52187 0.08516 0.52396 0.08359 0.52448 0.08125 0.52448 0.07656 0.52344 0.07031 0.52344 0.06484 0.52292 0.05937 0.52240 0.05703 0.52135 0.05547 0.51979 0.05391 0.51458 0.05156
11 0.51510 0.09766 0.51406 0.09844 0.51302 0.10156 0.51250 0.10391 0.51198 0.11250 0.51198 0.11953 0.51094 0.12578 0.51042 0.13203 0.51042 0.14297 0.51146 0.14453 0.51250 0.14531 0.51406 0.14531 0.51562 0.14688 0.51719 0.14766 0.52031 0.14844 0.52760 0.14844 0.52865 0.14688 0.52917 0.14531 0.52969 0.12500 0.52917 0.10625 0.52865 0.10312 0.52708 0.10078 0.52396 0.09922 0.51927 0.09766
11 0.48958 0.07109 0.48906 0.07266 0.48854 0.07969 0.48906 0.09453 0.48958 0.09766 0.49062 0.10078 0.49167 0.10234 0.49271 0.10312 0.49531 0.10391 0.50052 0.10391 0.50104 0.10469 0.50573 0.10469 0.50677 0.10391 0.50729 0.10234 0.50729 0.08750 0.50677 0.08281 0.50573 0.07734 0.50469 0.07422 0.50365 0.07266 0.50208 0.07187 0.50000 0.07109 0.49323 0.06953 0.49219 0.06953 0.49167 0.07031
11 0.40417 0.00000 0.40417 0.00703 0.40469 0.00937 0.40521 0.01094 0.40729 0.01250 0.41250 0.01250 0.41302 0.01328 0.41771 0.01328 0.41875 0.01250 0.41979 0.01094 0.42031 0.00937 0.42031 0.00000
11 0.40156 0.13984 0.40052 0.14141 0.40000 0.14531 0.39792 0.15078 0.39740 0.15469 0.39740 0.16094 0.39635 0.16641 0.39635 0.17344 0.39687 0.17500 0.39844 0.17734 0.40104 0.17813 0.40729 0.18047 0.41250 0.18047 0.41458 0.17891 0.41510 0.17734 0.41563 0.17500 0.41563 0.17188 0.41719 0.16484 0.41875 0.16094 0.41979 0.15469 0.41979 0.14766 0.41927 0.14609 0.41823 0.14375 0.41719 0.14219 0.41563 0.14062 0.41458 0.13984 0.41302 0.13906 0.40313 0.13906
11 0.44427 0.17891 0.44115 0.17813 0.43229 0.17813 0.43073 0.17891 0.42865 0.18047 0.42708 0.18203 0.42552 0.18438 0.42448 0.18672 0.42292 0.19141 0.42188 0.19609 0.42083 0.20234 0.42031 0.20625 0.42031 0.21563 0.42083 0.21719 0.42448 0.21875 0.42917 0.22266 0.43073 0.22344 0.43542 0.22344 0.43646 0.22266 0.43958 0.21797 0.44479 0.20781 0.44531 0.20547 0.44635 0.20312 0.44896 0.19922 0.45000 0.19609 0.45000 0.19219 0.45052 0.19141 0.45052 0.18828 0.45000 0.18516 0.44896 0.18359 0.44896 0.18281 0.44844 0.18203 0.44792 0.18203 0.44688 0.18047
11 0.49062 0.14141 0.49010 0.14297 0.49062 0.16562 0.49115 0.17031 0.49167 0.17266 0.49219 0.17422 0.49375 0.17656 0.49479 0.17734 0.50469 0.18047 0.51042 0.18047 0.51198 0.17813 0.51250 0.17656 0.51250 0.17031 0.51198 0.16641 0.50990 0.15859 0.50938 0.15234 0.50833 0.14766 0.50625 0.14453 0.50417 0.14297 0.50260 0.14219 0.49844 0.14062
11 0.51875 0.17734 0.51771 0.17891 0.51771 0.19453 0.51875 0.21328 0.51927 0.21797 0.52083 0.22031 0.52187 0.22109 0.52396 0.22187 0.52708 0.22344 0.53333 0.22578 0.53802 0.22578 0.53906 0.22500 0.53906 0.22344 0.53958 0.22266 0.53958 0.21016 0.53906 0.20625 0.53698 0.20078 0.53594 0.19609 0.53542 0.19062 0.53542 0.18750 0.53594 0.18672 0.53594 0.18281 0.53490 0.17891 0.53385 0.17813 0.52760 0.17656 0.51979 0.17656
11 0.49948 0.21797 0.49896 0.21875 0.49792 0.22187 0.49740 0.22422 0.49688 0.22891 0.49688 0.23750 0.49740 0.25000 0.49792 0.25547 0.49896 0.25938 0.50052 0.26172 0.50260 0.26328 0.50521 0.26484 0.50885 0.26562 0.51510 0.26641 0.51875 0.26641 0.51979 0.26562 0.52031 0.26484 0.52083 0.26328 0.52135 0.25938 0.52135 0.25469 0.52083 0.24453 0.51979 0.23125 0.51875 0.22344 0.51823 0.22109 0.51719 0.21953 0.51510 0.21875 0.50938 0.21875 0.50469 0.21797 0.50417 0.21719 0.50052 0.21719
11 0.45885 0.21719 0.45781 0.21797 0.45521 0.22187 0.45469 0.22344 0.45365 0.22891 0.45208 0.23203 0.45156 0.23359 0.45104 0.23594 0.44948 0.24609 0.44896 0.25078 0.44896 0.25703 0.44948 0.25938 0.45208 0.26328 0.45417 0.26484 0.46146 0.26719 0.46719 0.26719 0.46875 0.26484 0.46979 0.26250 0.47031 0.26094 0.47135 0.25625 0.47448 0.23750 0.47500 0.23359 0.47500 0.22422 0.47396 0.22031 0.47344 0.21953 0.47240 0.21875 0.46510 0.21875 0.45990 0.21719
11 0.41198 0.21719 0.40885 0.21953 0.40781 0.22109 0.40677 0.22422 0.40417 0.22812 0.40208 0.23203 0.40104 0.23672 0.40104 0.23984 0.40052 0.24219 0.39844 0.24766 0.39740 0.25234 0.39740 0.25781 0.39844 0.25938 0.39948 0.26016 0.40104 0.26016 0.40365 0.26172 0.41198 0.26875 0.41510 0.26875 0.41615 0.26797 0.41771 0.26562 0.41927 0.26094 0.41979 0.25781 0.42031 0.25234 0.42292 0.24063 0.42552 0.23203 0.42604 0.22891 0.42604 0.22266 0.42448 0.22031 0.42292 0.21953 0.42083 0.21953 0.41875 0.21797 0.41667 0.21719
11 0.43594 0.26094 0.43490 0.26172 0.43333 0.26406 0.43229 0.26719 0.43177 0.26953 0.43125 0.27344 0.43073 0.28516 0.43021 0.28906 0.42812 0.29922 0.42760 0.30391 0.42760 0.31250 0.42812 0.31562 0.42969 0.31797 0.43073 0.31875 0.43229 0.31953 0.43646 0.32031 0.43802 0.32109 0.44167 0.32422 0.44792 0.32344 0.44948 0.31875 0.45000 0.31562 0.45000 0.29766 0.45104 0.28125 0.45104 0.26875 0.45000 0.26562 0.44844 0.26328 0.44740 0.26250 0.44375 0.26094 0.44010 0.26016 0.43854 0.26016 0.43802 0.26094
11 0.48229 0.25547 0.47969 0.25938 0.47917 0.26094 0.47865 0.26406 0.47865 0.27734 0.47969 0.28437 0.47969 0.29141 0.48021 0.29766 0.48073 0.30156 0.48125 0.30391 0.48229 0.30547 0.48542 0.30703 0.48958 0.30781 0.49740 0.30859 0.49948 0.30859 0.50208 0.30781 0.50313 0.30625 0.50365 0.30469 0.50417 0.29844 0.50417 0.29219 0.50365 0.28047 0.50208 0.26953 0.50156 0.26719 0.50000 0.26328 0.49896 0.26172 0.49635 0.25859 0.49427 0.25703 0.49115 0.25547 0.48854 0.25547 0.48802 0.25469 0.48594 0.25469
11 0.53229 0.26562 0.53125 0.26719 0.53021 0.27031 0.52969 0.27578 0.52969 0.27813 0.53125 0.28437 0.53125 0.28984 0.53281 0.30078 0.53438 0.30625 0.53438 0.31328 0.53542 0.31797 0.53646 0.31953 0.54010 0.32188 0.54271 0.32266 0.54583 0.32266 0.54896 0.32422 0.55365 0.32422 0.55469 0.32344 0.55521 0.32188 0.55573 0.31797 0.55521 0.31250 0.55417 0.30781 0.55312 0.29609 0.55312 0.28359 0.55260 0.27891 0.55156 0.27578 0.54740 0.26953 0.54583 0.26797 0.54271 0.26562 0.54115 0.26484 0.53750 0.26484
11 0.51146 0.30781 0.51094 0.30859 0.50990 0.31172 0.50990 0.33594 0.51198 0.35469 0.51406 0.36094 0.51510 0.36250 0.51615 0.36328 0.52187 0.36406 0.52396 0.36562 0.52604 0.36875 0.52812 0.37031 0.53021 0.37109 0.53333 0.37109 0.53438 0.37031 0.53646 0.36719 0.53750 0.36406 0.53750 0.35078 0.53542 0.33047 0.53385 0.32422 0.53385 0.31875 0.53281 0.31328 0.53177 0.31016 0.53073 0.30859 0.52865 0.30703 0.52187 0.30703 0.52135 0.30625 0.51510 0.30625 0.51250 0.30703
11 0.46563 0.30781 0.46458 0.30859 0.46302 0.31094 0.46250 0.31250 0.46198 0.31562 0.46250 0.33984 0.46198 0.36094 0.46302 0.36641 0.46406 0.36875 0.46510 0.37031 0.46615 0.37109 0.46875 0.37188 0.47396 0.37266 0.47969 0.37266 0.48125 0.37188 0.48333 0.36875 0.48490 0.36250 0.48438 0.34453 0.48438 0.33672 0.48490 0.32969 0.48542 0.32891 0.48542 0.32344 0.48490 0.32266 0.48490 0.31641 0.48385 0.31172 0.48281 0.31016 0.48177 0.30938 0.48021 0.30859 0.47760 0.30781
11 0.40625 0.30781 0.40469 0.30938 0.40365 0.31250 0.40313 0.31719 0.40313 0.32500 0.40208 0.33047 0.40156 0.33750 0.40156 0.35547 0.40208 0.35859 0.40417 0.36328 0.40521 0.36484 0.40729 0.36641 0.40990 0.36719 0.41458 0.36719 0.41771 0.36875 0.42083 0.36875 0.42240 0.36719 0.42396 0.36484 0.42500 0.36094 0.42552 0.35625 0.42604 0.34453 0.42604 0.33125 0.42708 0.32578 0.42708 0.31562 0.42656 0.31016 0.42552 0.30703 0.42448 0.30625 0.41094 0.30625 0.40781 0.30703
11 0.44479 0.36562 0.44323 0.36641 0.44167 0.36875 0.44062 0.37188 0.43958 0.38438 0.43958 0.39453 0.43854 0.40703 0.43646 0.41719 0.43594 0.42109 0.43542 0.42812 0.43542 0.43125 0.43594 0.43438 0.43646 0.43594 0.43698 0.43672 0.43906 0.43828 0.44323 0.43984 0.44531 0.44141 0.44740 0.44375 0.45052 0.44609 0.45469 0.44609 0.45625 0.44453 0.45781 0.44219 0.45885 0.43828 0.45990 0.43047 0.46042 0.41641 0.46042 0.40156 0.46146 0.38906 0.46146 0.37812 0.46094 0.37422 0.46042 0.37266 0.45885 0.37031 0.45729 0.36875 0.45417 0.36641 0.45052 0.36562
11 0.49323 0.35547 0.49219 0.35625 0.49062 0.35859 0.49010 0.36016 0.48958 0.36484 0.48958 0.37812 0.49062 0.38516 0.49062 0.39219 0.49219 0.40859 0.49323 0.41250 0.49531 0.41875 0.49740 0.42188 0.49948 0.42266 0.50885 0.42266 0.50990 0.42188 0.51042 0.42109 0.51042 0.42031 0.51146 0.41875 0.51198 0.41719 0.51302 0.41172 0.51302 0.36250 0.51250 0.36016 0.51094 0.35781 0.50990 0.35703 0.50729 0.35625 0.49844 0.35469 0.49583 0.35469
11 0.54740 0.37500 0.54583 0.37734 0.54531 0.37891 0.54531 0.39297 0.54635 0.39766 0.54844 0.40391 0.55000 0.41328 0.55156 0.41719 0.55208 0.42109 0.55365 0.42500 0.55677 0.43984 0.55781 0.44297 0.55833 0.44375 0.55885 0.44375 0.55990 0.44531 0.56823 0.44531 0.57188 0.44375 0.57604 0.44062 0.57760 0.43906 0.57865 0.43672 0.57917 0.43438 0.57917 0.42812 0.57865 0.42500 0.57760 0.42109 0.57552 0.41484 0.57448 0.40937 0.57292 0.39453 0.57188 0.38984 0.57135 0.38828 0.56979 0.38516 0.56927 0.38203 0.56823 0.37969 0.56615 0.37656 0.56615 0.37578 0.56458 0.37344 0.55052 0.37344 0.54844 0.37422
11 0.53229 0.42656 0.53125 0.42734 0.53021 0.42891 0.52917 0.43516 0.52917 0.46719 0.52812 0.47266 0.52760 0.48203 0.52812 0.48828 0.52865 0.48984 0.52969 0.49062 0.53229 0.49141 0.53646 0.49141 0.53958 0.49375 0.54219 0.49688 0.54427 0.49844 0.54583 0.49844 0.54792 0.49766 0.54948 0.49531 0.55104 0.49219 0.55156 0.49062 0.55208 0.48828 0.55365 0.47734 0.55417 0.47266 0.55417 0.46406 0.55469 0.45937 0.55625 0.45078 0.55625 0.44062 0.55521 0.43516 0.55417 0.43281 0.55104 0.42969 0.54844 0.42812 0.54375 0.42812 0.54063 0.42656
11 0.47344 0.42656 0.47135 0.42969 0.47031 0.43438 0.46979 0.44531 0.46979 0.47578 0.47031 0.48906 0.47083 0.49219 0.47240 0.49453 0.47344 0.49531 0.47760 0.49609 0.48333 0.49609 0.48646 0.49766 0.48750 0.49766 0.49010 0.49688 0.49271 0.49375 0.49323 0.49375 0.49375 0.49297 0.49427 0.49141 0.49479 0.48750 0.49479 0.46484 0.49375 0.45078 0.49375 0.43672 0.49323 0.43359 0.49271 0.43203 0.49010 0.42812 0.48802 0.42734 0.48385 0.42656
11 0.41458 0.42500 0.41250 0.42578 0.41094 0.42812 0.40990 0.43203 0.40833 0.44062 0.40677 0.44453 0.40573 0.44844 0.40469 0.45469 0.40417 0.46172 0.40365 0.46484 0.40156 0.47266 0.40104 0.47578 0.40052 0.48047 0.40052 0.48906 0.40104 0.49141 0.40365 0.49531 0.40885 0.49922 0.41615 0.50391 0.41927 0.50547 0.42083 0.50547 0.42292 0.50469 0.42396 0.50313 0.42500 0.50000 0.42604 0.49453 0.42656 0.48594 0.42708 0.48203 0.42969 0.47187 0.42969 0.46406 0.43021 0.45859 0.43177 0.44766 0.43177 0.43594 0.43021 0.43047 0.42917 0.42891 0.42917 0.42812 0.42865 0.42734 0.42656 0.42578 0.42135 0.42500
11 0.45312 0.49922 0.45104 0.50078 0.45000 0.50469 0.44948 0.51016 0.44896 0.51250 0.44792 0.51484 0.44688 0.52031 0.44635 0.52422 0.44583 0.53359 0.44479 0.54297 0.44375 0.54922 0.44219 0.55469 0.44115 0.56094 0.44062 0.56953 0.44115 0.57500 0.44167 0.57812 0.44323 0.58047 0.44427 0.58125 0.44740 0.58281 0.44896 0.58281 0.45208 0.58437 0.45469 0.58672 0.45781 0.58828 0.46198 0.58828 0.46302 0.58750 0.46406 0.58594 0.46563 0.58125 0.46615 0.57578 0.46823 0.56797 0.46875 0.56484 0.46875 0.55625 0.47083 0.53750 0.47240 0.52891 0.47240 0.52422 0.47344 0.51953 0.47344 0.51094 0.47187 0.50859 0.46927 0.50703 0.46615 0.50703 0.46302 0.50234 0.45990 0.50000 0.45833 0.49922
11 0.50729 0.49141 0.50625 0.49219 0.50521 0.49375 0.50469 0.49609 0.50469 0.50156 0.50313 0.50859 0.50052 0.52891 0.50000 0.53906 0.49948 0.54297 0.49844 0.54609 0.49844 0.55312 0.50000 0.55859 0.50208 0.56172 0.50573 0.56484 0.51042 0.56641 0.51927 0.56797 0.52135 0.56797 0.52292 0.56719 0.52500 0.56406 0.52656 0.55000 0.52812 0.52656 0.52812 0.50547 0.52760 0.50078 0.52656 0.49609 0.52552 0.49453 0.52448 0.49375 0.52135 0.49297 0.51615 0.49297 0.51354 0.49141 0.50990 0.49062
11 0.56458 0.56875 0.55990 0.56953 0.55260 0.56875 0.54635 0.56953 0.54427 0.57109 0.54115 0.57578 0.54010 0.58125 0.54010 0.59219 0.54115 0.60703 0.54167 0.61094 0.54375 0.61875 0.54427 0.62344 0.54427 0.63984 0.54479 0.64766 0.54583 0.65156 0.54688 0.65234 0.55365 0.65234 0.55729 0.65156 0.56094 0.65000 0.56510 0.65000 0.56771 0.64922 0.57135 0.64687 0.57240 0.64297 0.57240 0.63047 0.57188 0.62422 0.57083 0.61875 0.56979 0.60703 0.56823 0.58047 0.56771 0.57578 0.56719 0.57344 0.56615 0.57031
11 0.48281 0.56875 0.48177 0.56953 0.48073 0.57109 0.48021 0.57422 0.47917 0.59375 0.47917 0.64141 0.47969 0.64453 0.48073 0.64687 0.48333 0.64844 0.48802 0.64922 0.49010 0.65078 0.49531 0.65234 0.50104 0.65234 0.50208 0.65156 0.50521 0.64687 0.50573 0.64531 0.50677 0.63750 0.50677 0.60391 0.50573 0.57578 0.50469 0.57266 0.50365 0.57109 0.50104 0.56953 0.49688 0.56875
11 0.41354 0.58281 0.41094 0.58437 0.41042 0.58594 0.40833 0.60000 0.40833 0.62109 0.40781 0.62969 0.40625 0.63750 0.40625 0.64297 0.40521 0.65078 0.40417 0.65547 0.40260 0.65938 0.40313 0.66328 0.40469 0.66563 0.40833 0.66953 0.41094 0.67031 0.41406 0.67266 0.41563 0.67500 0.41719 0.67656 0.42500 0.68047 0.42917 0.68047 0.43021 0.67969 0.43125 0.67734 0.43385 0.66484 0.43490 0.65625 0.43646 0.63359 0.43646 0.62031 0.43854 0.60859 0.43854 0.59922 0.43802 0.59531 0.43646 0.58984 0.43490 0.58828 0.43073 0.58672 0.42656 0.58672 0.42344 0.58594 0.41927 0.58359 0.41615 0.58281
11 0.45833 0.66484 0.45729 0.66563 0.45573 0.66797 0.45469 0.67266 0.45417 0.67891 0.45417 0.68750 0.45312 0.69297 0.45312 0.70078 0.45156 0.71406 0.45104 0.72188 0.45104 0.73047 0.45052 0.73750 0.44948 0.74609 0.44844 0.75000 0.44792 0.75391 0.44792 0.75938 0.44844 0.76094 0.44948 0.76250 0.45521 0.76484 0.46406 0.76719 0.47083 0.76797 0.47604 0.76797 0.47708 0.76641 0.47760 0.76328 0.47656 0.75078 0.47708 0.72344 0.47813 0.70625 0.47969 0.69375 0.48021 0.68672 0.48021 0.67812 0.47865 0.67578 0.47500 0.67422 0.47344 0.67422 0.47135 0.67344 0.47031 0.67188 0.46875 0.67109 0.46667 0.67109 0.46146 0.66797
11 0.49844 0.71250 0.49688 0.71250 0.49323 0.71484 0.48698 0.71641 0.48281 0.71875 0.48073 0.71875 0.47865 0.72031 0.47813 0.72188 0.47813 0.73047 0.47865 0.73516 0.47969 0.73984 0.48021 0.74531 0.48021 0.75156 0.48125 0.75938 0.48281 0.76484 0.48333 0.76875 0.48333 0.77500 0.48490 0.78750 0.48698 0.79609 0.48802 0.79766 0.48906 0.79844 0.49115 0.79922 0.49948 0.79922 0.50990 0.79688 0.51354 0.79531 0.51406 0.79297 0.51406 0.78516 0.51354 0.78125 0.51198 0.77422 0.51146 0.76641 0.50833 0.74922 0.50469 0.73516 0.50469 0.73203 0.50313 0.72422 0.50104 0.71875 0.50104 0.71719 0.50000 0.71406
11 0.51979 0.64844 0.51823 0.65078 0.51771 0.65234 0.51771 0.69297 0.51719 0.70312 0.51615 0.70937 0.51562 0.71641 0.51510 0.72813 0.51562 0.73594 0.51615 0.73750 0.51771 0.73984 0.52031 0.74141 0.53750 0.74297 0.53958 0.74219 0.54063 0.74062 0.54115 0.73750 0.54115 0.72422 0.54219 0.71719 0.54219 0.70625 0.54323 0.69766 0.54375 0.68828 0.54375 0.67578 0.54479 0.66406 0.54479 0.65625 0.54375 0.65156 0.54063 0.65000 0.52656 0.64844
11 0.55156 0.69453 0.55000 0.69688 0.54948 0.69844 0.54948 0.70703 0.55104 0.72031 0.55208 0.72422 0.55417 0.74219 0.55365 0.76406 0.55417 0.76484 0.55417 0.76719 0.55469 0.76875 0.55729 0.77266 0.55990 0.77578 0.56250 0.77734 0.56458 0.78047 0.56667 0.78203 0.56875 0.78281 0.57708 0.78281 0.57917 0.78203 0.58125 0.78047 0.58177 0.77969 0.58281 0.77578 0.58333 0.77031 0.58333 0.74297 0.58229 0.73516 0.58021 0.72813 0.57917 0.72344 0.57865 0.71562 0.57708 0.70937 0.57448 0.70156 0.57240 0.69844 0.56771 0.69453 0.55937 0.69297 0.55521 0.69297
11 0.60365 0.78750 0.60104 0.78984 0.59948 0.79375 0.59688 0.80937 0.59635 0.81406 0.59531 0.83047 0.59531 0.84219 0.59479 0.84844 0.59375 0.85313 0.59375 0.86406 0.59583 0.86953 0.59688 0.87109 0.59792 0.87187 0.61042 0.87656 0.61354 0.87734 0.61979 0.87734 0.62187 0.87422 0.62292 0.86953 0.62396 0.85547 0.62396 0.83750 0.62344 0.80391 0.62240 0.79844 0.62083 0.79609 0.61875 0.79375 0.60781 0.78750
11 0.56979 0.86484 0.56875 0.86562 0.56771 0.86719 0.56719 0.86953 0.56719 0.87734 0.56823 0.91016 0.56771 0.94375 0.56667 0.95000 0.56667 0.95234 0.56719 0.95312 0.56719 0.95625 0.56771 0.95781 0.56875 0.95859 0.57083 0.95937 0.57292 0.95937 0.57656 0.95859 0.58021 0.95703 0.58698 0.95703 0.59323 0.95625 0.59583 0.95469 0.59740 0.95234 0.59792 0.94688 0.59792 0.93672 0.59688 0.91484 0.59688 0.88594 0.59635 0.87344 0.59479 0.86719 0.59375 0.86562 0.59271 0.86484
11 0.54531 0.79219 0.54219 0.79219 0.53958 0.79375 0.53698 0.79375 0.53438 0.79531 0.52500 0.79688 0.52292 0.79844 0.52187 0.80000 0.52135 0.80234 0.52135 0.80937 0.52292 0.82656 0.52396 0.83203 0.52552 0.85313 0.52552 0.86328 0.52656 0.87891 0.52812 0.88828 0.52865 0.88984 0.53021 0.89141 0.53385 0.89141 0.54063 0.88828 0.54948 0.88594 0.55365 0.88594 0.55573 0.88438 0.55625 0.88281 0.55625 0.87813 0.55469 0.86797 0.55417 0.86172 0.55417 0.85625 0.55365 0.85000 0.54948 0.82109 0.54896 0.81484 0.54896 0.80859 0.54792 0.79688 0.54740 0.79453 0.54635 0.79297
11 0.49688 0.87187 0.49583 0.87266 0.49479 0.87422 0.49427 0.88984 0.49531 0.95312 0.49583 0.96172 0.49688 0.96953 0.49740 0.97109 0.49844 0.97266 0.50000 0.97344 0.50677 0.97344 0.51198 0.97266 0.52135 0.97031 0.52292 0.96953 0.52396 0.96797 0.52396 0.94141 0.52187 0.91094 0.52135 0.89844 0.52135 0.87656 0.52031 0.87344 0.51719 0.87187
11 0.45677 0.81484 0.45573 0.81563 0.45573 0.81797 0.45521 0.81875 0.45573 0.90781 0.45677 0.91094 0.46042 0.91328 0.46406 0.91406 0.48229 0.91406 0.48438 0.91328 0.48542 0.91250 0.48646 0.91094 0.48646 0.90078 0.48542 0.89297 0.48490 0.88359 0.48438 0.86719 0.48438 0.84922 0.48333 0.83437 0.48333 0.81797 0.48281 0.81641 0.48073 0.81484 0.46979 0.81563
11 0.41667 0.74297 0.41458 0.74453 0.41354 0.74844 0.40990 0.78203 0.40990 0.78750 0.40781 0.79922 0.40677 0.80937 0.40677 0.81875 0.40573 0.82656 0.40573 0.83437 0.40729 0.83828 0.41198 0.84219 0.41771 0.84375 0.42396 0.84375 0.42865 0.84531 0.43490 0.84531 0.43594 0.84453 0.43698 0.84219 0.43802 0.83594 0.43854 0.82734 0.43854 0.81797 0.43958 0.81016 0.43958 0.80078 0.44062 0.78516 0.44219 0.77187 0.44323 0.75859 0.44323 0.75547 0.44271 0.75156 0.44115 0.74922 0.44010 0.74844 0.43750 0.74766 0.42917 0.74687 0.42344 0.74531 0.42083 0.74375
11 0.41927 0.90000 0.41823 0.90078 0.41667 0.90312 0.41667 0.90781 0.41823 0.91406 0.42031 0.93125 0.42135 0.94609 0.42135 0.95859 0.41979 0.96719 0.41927 0.97422 0.42031 0.98203 0.42083 0.98359 0.42188 0.98516 0.42344 0.98594 0.42604 0.98594 0.43281 0.98984 0.43750 0.99375 0.43958 0.99687 0.44115 0.99766 0.44375 0.99766 0.44479 0.99922 0.44844 0.99922 0.45000 0.99687 0.45052 0.99531 0.45052 0.99297 0.45260 0.98594 0.45312 0.98281 0.45365 0.96953 0.45260 0.95781 0.45260 0.94297 0.45208 0.93437 0.45052 0.91953 0.45052 0.91250 0.45000 0.90391 0.44948 0.90000 0.44844 0.89844 0.44740 0.89766 0.44583 0.89766 0.43958 0.89922 0.43177 0.89844 0.42240 0.89922
11 0.48333 0.95937 0.48125 0.95937 0.47448 0.96328 0.46979 0.96406 0.46771 0.96562 0.46250 0.96719 0.46042 0.96641 0.45937 0.96641 0.45677 0.96797 0.45677 0.97109 0.45729 0.97422 0.45885 0.97969 0.46042 0.98984 0.46094 0.99687 0.46146 0.99766 0.46146 0.99922 0.49010 0.99922 0.49010 0.99297 0.48958 0.98906 0.48802 0.98047 0.48542 0.96875 0.48542 0.96406 0.48490 0.96172
11 0.52604 0.95078 0.52552 0.95234 0.52500 0.95547 0.52500 0.96016 0.52604 0.96719 0.52656 0.96875 0.52812 0.97188 0.53177 0.98516 0.53333 0.98828 0.53438 0.99219 0.53490 0.99609 0.53542 0.99766 0.53646 0.99922 0.56563 0.99922 0.56563 0.99687 0.56406 0.98828 0.56250 0.98203 0.56042 0.97656 0.55885 0.96797 0.55625 0.96094 0.55417 0.95391 0.55417 0.95156 0.55312 0.94766 0.54896 0.93594 0.54844 0.93359 0.54427 0.93359 0.54323 0.93437 0.53854 0.93984 0.53646 0.94063 0.53490 0.94219 0.53281 0.94531 0.52708 0.94922
11 0.63385 0.92422 0.62917 0.92344 0.62552 0.92500 0.61979 0.92578 0.61094 0.92578 0.60833 0.92656 0.60625 0.92812 0.60521 0.93125 0.60521 0.94297 0.60573 0.94844 0.60729 0.95781 0.60833 0.97188 0.60833 0.98359 0.60729 0.98984 0.60677 0.99766 0.60729 0.99922 0.63698 0.99922 0.63750 0.99766 0.63750 0.97891 0.63646 0.96484 0.63542 0.95859 0.63490 0.94531 0.63490 0.93047 0.63438 0.92578
