6 0.36979 0.71250 0.36823 0.71406 0.37031 0.71484 0.36979 0.72266 0.36875 0.73125 0.36875 0.73594 0.37135 0.74453 0.38229 0.77734 0.38958 0.79688 0.39271 0.79922 0.39427 0.80156 0.39740 0.80469 0.39896 0.80547 0.40469 0.79453 0.40885 0.77734 0.40885 0.77500 0.40156 0.74375 0.40000 0.73984 0.38854 0.71719 0.38698 0.71641 0.37917 0.71016 0.37760 0.70937 0.37656 0.70937 0.37240 0.71250 0.37083 0.71328
6 0.34375 0.60078 0.34375 0.60313 0.34167 0.61094 0.34063 0.61641 0.34063 0.61875 0.34635 0.64297 0.34948 0.65234 0.35625 0.67109 0.36354 0.68984 0.36979 0.70000 0.37292 0.70078 0.37865 0.70078 0.38438 0.69453 0.38438 0.69219 0.38333 0.68828 0.38333 0.68516 0.38177 0.67812 0.38073 0.66953 0.38073 0.66484 0.37969 0.65625 0.36979 0.62500 0.35885 0.60547 0.35000 0.60078 0.34740 0.60000
6 0.40417 0.65703 0.40052 0.66094 0.40052 0.66484 0.40260 0.69141 0.40313 0.69453 0.40729 0.70234 0.41510 0.71562 0.42135 0.72969 0.42969 0.73984 0.43073 0.74062 0.43333 0.74141 0.43542 0.74141 0.43594 0.74219 0.43750 0.74219 0.43958 0.74062 0.44062 0.73906 0.44115 0.73750 0.44219 0.72891 0.44219 0.72266 0.44062 0.70703 0.44010 0.70469 0.43802 0.69844 0.42552 0.66406 0.42448 0.66250 0.42448 0.66172 0.41823 0.65391 0.41615 0.65391 0.40573 0.65625
6 0.34010 0.78828 0.34167 0.79375 0.34063 0.79531 0.33542 0.80000 0.33542 0.80156 0.33854 0.81172 0.34010 0.81797 0.34271 0.83125 0.34479 0.83750 0.35104 0.85391 0.36510 0.87344 0.37448 0.87969 0.38073 0.87891 0.38229 0.87187 0.38229 0.85078 0.36302 0.81250 0.35313 0.79688 0.35000 0.79453 0.34427 0.79141
6 0.37396 0.88125 0.37396 0.88359 0.37344 0.88438 0.37292 0.89297 0.37292 0.90078 0.37604 0.91875 0.37969 0.92812 0.38646 0.94297 0.38854 0.94922 0.39167 0.96250 0.39271 0.96562 0.40104 0.98125 0.40156 0.98125 0.40313 0.98281 0.40937 0.97813 0.41094 0.97578 0.41250 0.96641 0.41250 0.96172 0.41094 0.94922 0.40573 0.92188 0.40365 0.91563 0.39635 0.89687 0.38750 0.88125 0.37812 0.88047 0.37760 0.88125
6 0.34010 0.98516 0.34063 0.98750 0.34479 0.99297 0.35000 0.99687 0.36771 0.99687 0.36823 0.99609 0.36979 0.99609 0.36771 0.98984 0.36667 0.98828 0.36458 0.98125 0.36302 0.97891 0.35000 0.97344 0.34792 0.97344 0.34531 0.97500 0.34323 0.97500 0.34219 0.97656 0.34115 0.98047
6 0.40521 0.98203 0.40521 0.98516 0.40469 0.98594 0.40417 0.99375 0.40417 0.99844 0.40729 0.99844 0.41354 0.99687 0.43073 0.99687 0.43021 0.99453 0.42812 0.98828 0.42708 0.98672 0.42500 0.98516 0.41563 0.97969 0.41146 0.97656 0.41042 0.97656 0.40729 0.97969
6 0.44635 0.92266 0.44635 0.92891 0.44583 0.92969 0.44583 0.94453 0.44740 0.95000 0.44948 0.95547 0.45208 0.96641 0.45365 0.97188 0.45521 0.97656 0.46510 0.99375 0.46667 0.99531 0.47552 0.99844 0.47813 0.99844 0.48490 0.99609 0.48802 0.99453 0.48750 0.99219 0.48281 0.97891 0.47813 0.95469 0.47135 0.93437 0.47031 0.93203 0.46250 0.92344 0.45937 0.92109 0.45469 0.92109 0.44844 0.92188 0.44792 0.92266
6 0.40677 0.82422 0.40677 0.82578 0.40625 0.82656 0.40521 0.83984 0.40521 0.84453 0.40677 0.85000 0.41458 0.87344 0.42292 0.89453 0.43125 0.90703 0.43594 0.91563 0.43698 0.91641 0.43854 0.91641 0.44062 0.91797 0.44271 0.91797 0.44427 0.91719 0.44531 0.91563 0.44896 0.90469 0.44896 0.90234 0.44844 0.90156 0.44844 0.89844 0.44635 0.88438 0.44323 0.86797 0.44167 0.86250 0.43333 0.84297 0.42344 0.82422 0.42188 0.82344 0.42031 0.82188 0.41719 0.82188 0.41667 0.82266 0.41250 0.82344 0.40833 0.82344 0.40781 0.82422
6 0.47604 0.82500 0.47344 0.82891 0.47135 0.83047 0.47135 0.83281 0.47083 0.83359 0.47083 0.84062 0.47031 0.84141 0.47031 0.84766 0.47396 0.86641 0.47552 0.87187 0.48177 0.88672 0.49115 0.90078 0.49844 0.90938 0.50104 0.91172 0.50365 0.91250 0.50781 0.91172 0.50781 0.91094 0.50885 0.90938 0.51302 0.89687 0.51302 0.89375 0.51198 0.88906 0.51198 0.88516 0.51042 0.87500 0.50313 0.85313 0.49375 0.83437 0.48750 0.82578 0.48333 0.82500
6 0.52552 0.92266 0.52187 0.92969 0.52135 0.93203 0.52083 0.93906 0.52031 0.93984 0.52031 0.94219 0.52969 0.97188 0.53594 0.99062 0.54010 0.99687 0.54792 0.99687 0.55521 0.99609 0.55573 0.99531 0.55677 0.99531 0.55677 0.99219 0.55729 0.99141 0.55729 0.98125 0.55469 0.96172 0.55417 0.95937 0.54427 0.94453 0.54010 0.93750 0.53854 0.93203 0.53750 0.92969 0.53646 0.92812 0.53385 0.92656 0.52812 0.92422 0.52656 0.92266
6 0.55729 0.89844 0.55521 0.90469 0.55521 0.90859 0.55573 0.90938 0.55625 0.91953 0.55677 0.92500 0.55729 0.92734 0.56979 0.94609 0.57656 0.95859 0.57656 0.95937 0.58854 0.97578 0.59115 0.97266 0.59323 0.97109 0.60156 0.96172 0.60156 0.96016 0.59740 0.94453 0.59479 0.93594 0.58333 0.91406 0.57240 0.90078 0.57083 0.90000 0.55937 0.89687 0.55833 0.89687
6 0.62031 0.91016 0.62031 0.91406 0.62135 0.92656 0.62187 0.92969 0.62813 0.94844 0.62969 0.95234 0.63906 0.96719 0.64375 0.97422 0.65000 0.98281 0.65208 0.98438 0.65469 0.98516 0.65729 0.98672 0.65990 0.98750 0.65990 0.98594 0.66094 0.98359 0.66250 0.97734 0.66250 0.96953 0.66198 0.95937 0.66146 0.95547 0.65469 0.93828 0.65260 0.93437 0.64740 0.92031 0.63802 0.90781 0.63385 0.90703 0.62552 0.90703 0.62240 0.90859
6 0.64948 0.83359 0.64948 0.83516 0.64896 0.83594 0.64896 0.84219 0.64844 0.84297 0.64844 0.84922 0.64792 0.85000 0.64792 0.85547 0.65208 0.86953 0.65365 0.87422 0.65625 0.87891 0.66094 0.88672 0.67083 0.90078 0.67448 0.88984 0.67448 0.84062 0.67344 0.83984 0.65365 0.83437 0.65052 0.83359
6 0.58229 0.82344 0.58229 0.82578 0.58177 0.82656 0.58125 0.83672 0.58125 0.84375 0.58385 0.84922 0.59219 0.86484 0.59635 0.87422 0.59948 0.88047 0.60677 0.89219 0.60990 0.89453 0.61250 0.89609 0.61458 0.89609 0.61875 0.89453 0.61979 0.89297 0.62292 0.88281 0.62292 0.87500 0.62240 0.86406 0.62187 0.85938 0.60781 0.83516 0.59792 0.82422 0.59635 0.82344 0.59271 0.82266 0.58490 0.82266 0.58437 0.82344
6 0.60729 0.74766 0.60729 0.76328 0.60781 0.77266 0.61823 0.80391 0.62917 0.82812 0.63229 0.82812 0.63281 0.82734 0.63646 0.82734 0.63854 0.82578 0.64323 0.81094 0.64323 0.79063 0.63802 0.77266 0.62396 0.75469 0.61667 0.74922 0.61510 0.74844 0.61198 0.74766
6 0.62917 0.68828 0.62865 0.68984 0.62865 0.69375 0.62813 0.69453 0.62813 0.69844 0.62760 0.69922 0.62760 0.70234 0.63594 0.72266 0.64583 0.74141 0.64583 0.74219 0.65521 0.75469 0.65990 0.76016 0.66146 0.76094 0.66510 0.76172 0.66667 0.76172 0.66771 0.76016 0.66927 0.75547 0.66927 0.73047 0.66667 0.71953 0.66510 0.71406 0.65104 0.69141 0.65000 0.69063 0.63802 0.68594 0.63542 0.68594 0.63281 0.68672 0.63229 0.68750 0.63021 0.68750
6 0.67448 0.74844 0.66615 0.75938 0.66615 0.77656 0.67031 0.78828 0.67344 0.79609 0.69115 0.82578 0.69271 0.82656 0.70000 0.83437 0.70156 0.83516 0.70677 0.82812 0.70677 0.82656 0.70625 0.82578 0.70625 0.82344 0.70469 0.81797 0.70365 0.81016 0.70156 0.80000 0.69427 0.77578 0.69323 0.77031 0.69167 0.76562
6 0.65417 0.60078 0.65104 0.60391 0.65156 0.60781 0.65312 0.61250 0.65729 0.62187 0.65938 0.62734 0.67396 0.67188 0.67865 0.68359 0.68594 0.69453 0.68698 0.69453 0.69010 0.69297 0.69219 0.69141 0.69323 0.68906 0.69375 0.68672 0.69583 0.68281 0.69583 0.68125 0.68594 0.64453 0.68281 0.63359 0.68073 0.62813 0.67917 0.62109 0.67760 0.61641 0.66823 0.60547 0.66563 0.60313 0.65781 0.60000 0.65573 0.60000
6 0.61458 0.53125 0.61510 0.53281 0.61562 0.53750 0.62031 0.56016 0.62187 0.56641 0.62344 0.56953 0.62865 0.57812 0.64167 0.60313 0.64427 0.60469 0.64531 0.60625 0.64740 0.60781 0.64844 0.60781 0.64896 0.60703 0.65260 0.60625 0.65469 0.60469 0.65521 0.60078 0.65521 0.59141 0.65260 0.57266 0.65156 0.56953 0.64427 0.55312 0.63177 0.53203 0.63021 0.53047 0.62500 0.52891 0.62187 0.52891 0.61875 0.52969 0.61823 0.53047 0.61562 0.53047
6 0.63385 0.47656 0.63333 0.47891 0.63229 0.48125 0.63125 0.48594 0.63125 0.48750 0.63802 0.50391 0.65000 0.53125 0.65990 0.54766 0.66302 0.55078 0.66563 0.55078 0.66979 0.55000 0.67031 0.54922 0.67135 0.54922 0.67135 0.54609 0.67188 0.54531 0.67188 0.53750 0.66771 0.51953 0.66615 0.51484 0.65990 0.49844 0.65729 0.49219 0.64635 0.47656 0.64479 0.47578 0.64115 0.47500 0.63750 0.47500 0.63490 0.47578
6 0.55833 0.50234 0.55781 0.50469 0.55729 0.51328 0.55729 0.51953 0.56042 0.53594 0.56094 0.53750 0.57865 0.56953 0.57917 0.56953 0.58073 0.57109 0.58281 0.57422 0.58437 0.57578 0.58750 0.57656 0.59271 0.57578 0.59427 0.56641 0.59427 0.56094 0.59271 0.54453 0.59219 0.54219 0.58125 0.51875 0.57292 0.50391 0.57135 0.50234 0.56719 0.49922 0.56563 0.49922 0.56354 0.50000 0.56094 0.50156
6 0.59271 0.58125 0.59219 0.59219 0.59271 0.59844 0.60781 0.63438 0.61667 0.64766 0.62083 0.65156 0.62292 0.65312 0.62865 0.65547 0.63177 0.65547 0.63229 0.65469 0.63333 0.65469 0.63333 0.63516 0.63229 0.62344 0.63177 0.62109 0.62969 0.61641 0.61667 0.58984 0.61667 0.58906 0.61615 0.58828 0.61562 0.58828 0.61302 0.58516 0.61250 0.58516 0.60677 0.57891 0.60521 0.57812 0.60260 0.57734 0.60000 0.57734 0.59479 0.57969
6 0.53646 0.55156 0.53646 0.55391 0.53542 0.55703 0.53385 0.56563 0.53385 0.56875 0.53542 0.57422 0.53698 0.58281 0.53750 0.58437 0.54063 0.58984 0.54688 0.59922 0.55521 0.61328 0.55677 0.61719 0.56094 0.62109 0.56250 0.62187 0.56406 0.62187 0.56458 0.62266 0.56563 0.62266 0.56771 0.61797 0.57083 0.61250 0.57552 0.60547 0.57552 0.60391 0.57448 0.60078 0.57448 0.59844 0.57240 0.58984 0.55833 0.56406 0.55052 0.55391 0.54635 0.55078 0.54479 0.55000 0.53958 0.55000
6 0.56563 0.61953 0.56667 0.62187 0.56667 0.62344 0.57396 0.64453 0.57344 0.65078 0.57240 0.65625 0.57240 0.66094 0.57656 0.68906 0.57708 0.69063 0.58906 0.71641 0.59688 0.71641 0.59740 0.71562 0.60052 0.71562 0.60104 0.71406 0.60208 0.70547 0.60260 0.69297 0.60260 0.67344 0.60156 0.66953 0.59010 0.63438 0.58906 0.63281 0.58073 0.62734 0.57656 0.62500 0.57083 0.62266 0.56927 0.62109 0.56667 0.62031
6 0.50781 0.60703 0.50729 0.60859 0.50677 0.61328 0.50625 0.62187 0.50625 0.62813 0.51250 0.65000 0.52240 0.67109 0.53438 0.69141 0.53854 0.69453 0.54010 0.69453 0.54375 0.69219 0.54427 0.68984 0.54427 0.68281 0.54479 0.68203 0.54479 0.67578 0.53802 0.64531 0.53125 0.62500 0.52969 0.62109 0.51719 0.60859 0.51562 0.60781 0.51042 0.60703 0.50990 0.60625
6 0.54323 0.69688 0.54010 0.70000 0.53698 0.70391 0.53646 0.72656 0.53698 0.72813 0.54583 0.74687 0.55208 0.76562 0.55312 0.76797 0.56094 0.77891 0.56354 0.78047 0.56719 0.78125 0.56771 0.78203 0.56875 0.78203 0.57240 0.77891 0.57344 0.77734 0.57344 0.75000 0.56667 0.72969 0.56563 0.72813 0.56563 0.72734 0.55990 0.71953 0.55417 0.71250 0.54792 0.70312
6 0.47083 0.69297 0.46979 0.69453 0.46719 0.70312 0.46823 0.70547 0.46823 0.70703 0.47240 0.71953 0.48177 0.74297 0.49167 0.76016 0.50104 0.76953 0.50260 0.77031 0.50469 0.77031 0.50521 0.77109 0.50729 0.77031 0.50885 0.76484 0.50885 0.76016 0.50781 0.75391 0.50781 0.74844 0.50625 0.73125 0.50573 0.72891 0.50260 0.72344 0.49427 0.71016 0.48542 0.69375 0.48281 0.69375 0.48229 0.69297
6 0.50469 0.77031 0.50521 0.77656 0.50625 0.78125 0.50625 0.79219 0.50677 0.79844 0.52396 0.84297 0.53021 0.85078 0.53177 0.85156 0.53490 0.85156 0.53542 0.85234 0.53802 0.85234 0.54219 0.84375 0.54219 0.83984 0.53958 0.81172 0.53646 0.79453 0.53594 0.79297 0.52656 0.77734 0.51458 0.76719 0.51302 0.76719 0.51250 0.76797 0.50781 0.76875
6 0.43281 0.55859 0.43229 0.56094 0.43177 0.56719 0.43177 0.57266 0.43125 0.57344 0.43125 0.57812 0.43542 0.59766 0.43698 0.60234 0.44375 0.61953 0.44635 0.62500 0.45417 0.63984 0.45521 0.63984 0.45573 0.64062 0.46406 0.64297 0.46719 0.64297 0.46719 0.63125 0.46667 0.62187 0.46458 0.60547 0.46406 0.60313 0.46146 0.59531 0.45469 0.57656 0.45365 0.57422 0.44635 0.56172 0.43906 0.55625 0.43750 0.55625 0.43542 0.55703
6 0.36719 0.50625 0.36719 0.50859 0.36667 0.50938 0.36615 0.52031 0.36615 0.52891 0.37240 0.56406 0.37396 0.56953 0.38021 0.58828 0.38125 0.58984 0.38490 0.59219 0.39010 0.59453 0.39271 0.59531 0.39531 0.57969 0.39583 0.57344 0.39635 0.56094 0.39635 0.55312 0.39479 0.54844 0.38438 0.52109 0.37760 0.50547 0.37083 0.50547 0.37031 0.50625
6 0.34479 0.42500 0.34427 0.42656 0.34427 0.43125 0.34375 0.43203 0.34375 0.43672 0.34271 0.44219 0.34271 0.44688 0.34583 0.45703 0.35365 0.48438 0.35521 0.48906 0.36667 0.50547 0.37135 0.50547 0.37240 0.50391 0.37552 0.49453 0.37552 0.47266 0.36354 0.44453 0.35313 0.42734 0.35156 0.42656 0.34687 0.42578 0.34635 0.42500
6 0.34635 0.31875 0.34635 0.32188 0.34792 0.34141 0.34844 0.34453 0.34948 0.34687 0.36146 0.36953 0.36927 0.37969 0.37031 0.37969 0.37292 0.37734 0.37500 0.37656 0.37656 0.37656 0.37865 0.37578 0.37969 0.37500 0.37969 0.37344 0.37917 0.37109 0.37865 0.37031 0.37604 0.35469 0.37500 0.35156 0.36510 0.32891 0.35990 0.32031 0.35781 0.31953 0.35365 0.31875
6 0.37292 0.37969 0.37188 0.38125 0.36979 0.39531 0.36875 0.39844 0.36875 0.40078 0.38021 0.43438 0.38490 0.44531 0.39115 0.45781 0.39115 0.45859 0.39167 0.45937 0.39583 0.46328 0.39740 0.46406 0.40156 0.45937 0.40156 0.45078 0.40104 0.43828 0.40052 0.43203 0.39583 0.40313 0.39531 0.40156 0.38177 0.37812 0.37969 0.37734 0.37917 0.37812 0.37708 0.37812
6 0.40417 0.46875 0.40313 0.46953 0.40313 0.47187 0.40260 0.47266 0.40260 0.48203 0.40208 0.48281 0.40208 0.49141 0.40469 0.51016 0.40573 0.51562 0.42031 0.54453 0.42604 0.55156 0.42865 0.55391 0.43021 0.55625 0.43177 0.55234 0.43490 0.54141 0.43490 0.53828 0.42760 0.49688 0.42708 0.49531 0.41250 0.46719 0.41042 0.46719 0.40990 0.46797 0.40729 0.46797 0.40677 0.46875
6 0.43229 0.41406 0.43125 0.41484 0.43021 0.41641 0.42812 0.42188 0.42812 0.42422 0.42865 0.42734 0.42969 0.43125 0.43125 0.44453 0.43229 0.44766 0.44010 0.46719 0.44844 0.48594 0.45260 0.48828 0.45365 0.48828 0.46302 0.46875 0.46302 0.46641 0.46250 0.46563 0.46250 0.46250 0.46146 0.45547 0.45990 0.45156 0.44062 0.41250 0.43854 0.41250 0.43802 0.41328 0.43542 0.41328
6 0.45365 0.48125 0.45417 0.48516 0.45885 0.50938 0.46510 0.53047 0.46771 0.53828 0.48281 0.56016 0.49010 0.56797 0.49115 0.56797 0.49740 0.56406 0.49792 0.56094 0.49688 0.55547 0.49583 0.54141 0.49375 0.52266 0.49323 0.52031 0.47448 0.49062 0.46406 0.47969 0.46042 0.47969 0.45521 0.48047 0.45469 0.48125
6 0.49271 0.43984 0.48854 0.44531 0.48802 0.44766 0.48906 0.45000 0.49219 0.46328 0.49271 0.46641 0.49479 0.48516 0.49531 0.48594 0.49531 0.48750 0.51250 0.50391 0.51562 0.50625 0.51823 0.50703 0.51979 0.50859 0.52083 0.50859 0.52187 0.50938 0.52292 0.50781 0.52448 0.50391 0.52552 0.50078 0.52552 0.49922 0.52500 0.49688 0.52396 0.49375 0.52396 0.49141 0.51823 0.46484 0.51771 0.46328 0.50625 0.44844 0.49375 0.43984
6 0.45677 0.37031 0.45625 0.37266 0.45729 0.37734 0.45833 0.38828 0.45937 0.39375 0.46042 0.39687 0.46302 0.40313 0.46563 0.41016 0.47135 0.42422 0.48125 0.43359 0.48333 0.43516 0.48698 0.43672 0.48958 0.43750 0.48958 0.42969 0.49010 0.42891 0.49010 0.41094 0.48021 0.38203 0.47917 0.37969 0.47813 0.37812 0.47708 0.37734 0.46146 0.36797 0.45990 0.36797
6 0.40052 0.35078 0.40052 0.35391 0.40208 0.37188 0.40260 0.37500 0.40313 0.37656 0.41354 0.40000 0.42656 0.41953 0.42917 0.42031 0.43333 0.42031 0.43333 0.41563 0.43177 0.39062 0.43073 0.38516 0.42656 0.37188 0.42188 0.35859 0.42188 0.35703 0.41875 0.34766 0.41823 0.34687 0.41719 0.34609 0.41406 0.34531 0.41146 0.34531 0.40937 0.34609 0.40417 0.34922 0.40260 0.34922
6 0.37188 0.27813 0.37188 0.29141 0.37240 0.29922 0.37292 0.30078 0.38698 0.33125 0.38698 0.33203 0.39427 0.34141 0.39740 0.34453 0.40260 0.33672 0.40260 0.33359 0.40208 0.33281 0.40208 0.32891 0.39896 0.30234 0.39844 0.30000 0.38646 0.27734 0.38542 0.27656 0.38021 0.27422 0.37865 0.27422 0.37396 0.27656
6 0.35260 0.22031 0.35208 0.22187 0.35208 0.22578 0.35156 0.22656 0.35104 0.23516 0.35052 0.23594 0.35052 0.23906 0.36719 0.27266 0.36875 0.27344 0.37031 0.27500 0.37604 0.27734 0.37760 0.27031 0.37760 0.26797 0.37969 0.26016 0.37969 0.25859 0.37812 0.25469 0.37135 0.23359 0.36198 0.22422 0.36094 0.22344 0.35729 0.22187
6 0.35625 0.14297 0.35573 0.15781 0.35625 0.16562 0.37188 0.18906 0.37292 0.18906 0.37344 0.18828 0.37500 0.18828 0.37865 0.18594 0.38073 0.18516 0.38073 0.18359 0.37917 0.17734 0.37760 0.16562 0.37500 0.15078 0.37396 0.14922 0.36250 0.14062 0.36146 0.14062 0.35990 0.13906
6 0.37344 0.18750 0.37344 0.18906 0.37396 0.18984 0.37448 0.19531 0.37500 0.19609 0.37656 0.20781 0.37708 0.21016 0.38490 0.23828 0.38594 0.23984 0.39479 0.24375 0.39792 0.24375 0.40208 0.23125 0.40208 0.22891 0.40156 0.22578 0.40052 0.22187 0.39740 0.20156 0.39740 0.19844 0.39687 0.19687 0.38646 0.18750
6 0.40000 0.24688 0.40000 0.24922 0.40156 0.26484 0.40313 0.27344 0.40521 0.28125 0.40521 0.28359 0.40625 0.28750 0.41771 0.30078 0.41927 0.30234 0.42292 0.30469 0.42604 0.30625 0.42708 0.30625 0.43021 0.30234 0.43073 0.29844 0.43021 0.29453 0.42917 0.28984 0.42917 0.28594 0.42812 0.27813 0.42760 0.27578 0.41302 0.25000 0.41094 0.24844 0.40729 0.24766 0.40365 0.24766 0.40313 0.24688
6 0.42865 0.31094 0.42812 0.32734 0.44792 0.36562 0.45833 0.36484 0.45990 0.35547 0.45990 0.35234 0.45729 0.33359 0.45677 0.33125 0.44375 0.30781 0.44115 0.30781 0.44062 0.30703 0.43438 0.30703
6 0.51146 0.39687 0.51198 0.40078 0.51458 0.41406 0.51667 0.42109 0.52708 0.45234 0.53906 0.46563 0.54063 0.46641 0.54688 0.46797 0.54844 0.46797 0.54844 0.46172 0.54896 0.46094 0.54896 0.44531 0.54167 0.41641 0.54063 0.41328 0.52917 0.39609 0.52812 0.39531 0.52396 0.39375 0.52083 0.39375 0.51250 0.39609
6 0.58021 0.44531 0.57969 0.44688 0.57969 0.45000 0.57917 0.45078 0.57760 0.46563 0.57708 0.46641 0.57708 0.46875 0.57865 0.47187 0.59740 0.50625 0.59792 0.50625 0.60052 0.50938 0.60104 0.50938 0.61042 0.51953 0.61198 0.52031 0.61719 0.51562 0.61719 0.51406 0.61615 0.51094 0.61615 0.50859 0.61354 0.49844 0.61146 0.48594 0.60990 0.47969 0.58437 0.44453 0.58177 0.44453 0.58125 0.44531
6 0.59583 0.39453 0.59583 0.39609 0.59531 0.39687 0.59531 0.40234 0.59479 0.40313 0.59427 0.40937 0.59427 0.41328 0.59531 0.41563 0.61094 0.44688 0.61146 0.44766 0.61198 0.44766 0.61458 0.45078 0.61510 0.45078 0.62448 0.46094 0.62604 0.46172 0.63385 0.45156 0.63438 0.44922 0.63125 0.43984 0.63021 0.43438 0.62604 0.42031 0.61667 0.40469 0.61562 0.40391 0.60625 0.39922 0.59688 0.39531
6 0.60833 0.36250 0.60833 0.36406 0.61146 0.37344 0.61406 0.38438 0.61562 0.38906 0.63177 0.41484 0.63594 0.41563 0.64271 0.41484 0.64635 0.40391 0.64635 0.40078 0.64531 0.39609 0.64531 0.39219 0.64479 0.38828 0.64427 0.38594 0.63177 0.36250 0.63021 0.36172 0.62865 0.36016 0.62500 0.35859 0.61875 0.35391 0.61771 0.35391 0.61667 0.35469
6 0.55625 0.32188 0.55625 0.32812 0.55677 0.32891 0.55677 0.33906 0.55729 0.34297 0.55990 0.34844 0.57500 0.37812 0.57760 0.38047 0.59115 0.39062 0.59115 0.38359 0.59062 0.38281 0.59062 0.37109 0.59010 0.36641 0.58802 0.36016 0.58229 0.34453 0.58021 0.34141 0.56042 0.32500
6 0.53385 0.35313 0.53385 0.36172 0.53333 0.36250 0.53333 0.38047 0.55052 0.40703 0.55417 0.40937 0.55677 0.41016 0.55833 0.41172 0.55937 0.41172 0.56198 0.40859 0.56875 0.40234 0.56823 0.40000 0.55625 0.37188 0.55469 0.36953 0.54271 0.35313
6 0.48333 0.33125 0.48333 0.33828 0.48385 0.34922 0.48438 0.35391 0.50677 0.39531 0.50938 0.39687 0.51198 0.39766 0.51354 0.39766 0.51354 0.39609 0.51458 0.39375 0.51771 0.38047 0.51771 0.37812 0.51146 0.34297 0.51042 0.34141 0.50938 0.34063 0.50573 0.33906 0.50000 0.33516 0.49323 0.33125
6 0.50885 0.29375 0.50833 0.29531 0.50833 0.29844 0.50781 0.29922 0.50625 0.31172 0.50625 0.31406 0.52396 0.35234 0.52552 0.35313 0.53333 0.35938 0.53490 0.36016 0.53646 0.35547 0.53854 0.34531 0.53958 0.34297 0.53958 0.34141 0.53750 0.33750 0.53542 0.33203 0.52708 0.31406 0.51510 0.29531 0.51354 0.29453 0.51042 0.29375
6 0.44792 0.25312 0.44792 0.27187 0.45052 0.27969 0.45781 0.30000 0.45990 0.30312 0.46198 0.30469 0.47083 0.31250 0.47448 0.31484 0.47552 0.31172 0.48177 0.29844 0.48177 0.29688 0.47865 0.28750 0.47396 0.27109 0.47187 0.26484 0.47083 0.26328 0.45469 0.25312
6 0.42656 0.21406 0.42656 0.21563 0.42552 0.21797 0.42396 0.22656 0.42292 0.22891 0.42240 0.23125 0.42240 0.23281 0.43490 0.25469 0.44792 0.26406 0.44896 0.26094 0.45312 0.25156 0.44062 0.21406
6 0.39896 0.16328 0.39844 0.16484 0.39844 0.16953 0.39792 0.17031 0.39687 0.18047 0.39687 0.18438 0.41354 0.21094 0.41615 0.21328 0.42656 0.22109 0.42656 0.21875 0.42708 0.21797 0.42708 0.21016 0.42760 0.20938 0.42760 0.20234 0.42292 0.17344 0.42188 0.17188 0.40000 0.16328
6 0.37969 0.11094 0.37917 0.11250 0.37448 0.12344 0.37396 0.12500 0.37396 0.12656 0.37448 0.12891 0.37552 0.13125 0.37865 0.14609 0.37969 0.14844 0.37969 0.15000 0.38021 0.15156 0.39427 0.16406 0.39635 0.16484 0.39948 0.16484 0.39948 0.16172 0.40000 0.16094 0.40052 0.15000 0.40052 0.14297 0.40000 0.14141 0.38802 0.11328 0.38698 0.11328 0.38646 0.11250 0.38177 0.11172 0.38125 0.11094
6 0.36146 0.06328 0.36094 0.06484 0.35990 0.07500 0.35990 0.07812 0.37552 0.10625 0.37708 0.10781 0.37969 0.10938 0.38073 0.11094 0.38281 0.11250 0.38333 0.10859 0.38490 0.10156 0.38490 0.09844 0.37969 0.08125 0.37812 0.07656 0.37708 0.07500
6 0.36406 0.03984 0.36354 0.04141 0.36354 0.04609 0.36302 0.04688 0.36302 0.05078 0.37031 0.05937 0.37448 0.06406 0.37552 0.06484 0.38438 0.06719 0.38490 0.06797 0.38594 0.06797 0.38646 0.06641 0.38646 0.06328 0.38698 0.06250 0.38750 0.05547 0.38802 0.05469 0.38802 0.05234 0.38698 0.05156 0.38073 0.04531 0.37500 0.03984 0.37396 0.03906 0.36719 0.03906 0.36667 0.03984
6 0.38542 0.06328 0.38542 0.06484 0.38594 0.06563 0.38750 0.07500 0.38750 0.07812 0.38802 0.07969 0.38906 0.08047 0.39062 0.08203 0.39844 0.08906 0.39948 0.08984 0.40156 0.09062 0.40469 0.09062 0.40521 0.08906 0.40521 0.08516 0.40573 0.08438 0.40625 0.07578 0.40677 0.07500 0.40677 0.07187 0.39583 0.06094 0.39375 0.06094 0.39010 0.06172 0.38958 0.06250 0.38646 0.06250
6 0.40521 0.09141 0.40990 0.11641 0.41042 0.11797 0.42135 0.13672 0.42292 0.13750 0.42344 0.13672 0.42500 0.13672 0.43073 0.13281 0.42969 0.12891 0.42917 0.12344 0.42604 0.10625 0.42552 0.10469 0.41406 0.08750 0.41250 0.08750 0.41042 0.08828
6 0.42344 0.13672 0.42344 0.14297 0.42396 0.14375 0.42396 0.15391 0.42448 0.15469 0.42448 0.16484 0.42500 0.16562 0.42500 0.16953 0.43750 0.18438 0.44792 0.18438 0.44740 0.18203 0.44635 0.17969 0.44167 0.16172 0.44010 0.15703 0.42552 0.13906 0.42500 0.13906
6 0.44635 0.17500 0.44062 0.18516 0.44062 0.18672 0.44271 0.19453 0.44427 0.19844 0.44635 0.20781 0.44740 0.21094 0.45677 0.22109 0.45990 0.22422 0.46719 0.22969 0.46823 0.22969 0.46979 0.22891 0.47187 0.22734 0.47187 0.21563 0.47083 0.20859 0.46823 0.19687 0.46771 0.19531 0.46146 0.18438 0.45365 0.17344 0.44948 0.17344
6 0.46615 0.22969 0.46615 0.23281 0.46979 0.24609 0.47135 0.25078 0.47708 0.26406 0.47917 0.26719 0.48542 0.27578 0.48906 0.27813 0.49219 0.27891 0.49635 0.27891 0.49792 0.27813 0.49896 0.27656 0.50104 0.27031 0.50104 0.26562 0.50000 0.25469 0.49948 0.25234 0.49062 0.23984 0.48281 0.23125 0.47969 0.22812 0.47760 0.22656 0.47135 0.22656 0.46823 0.22812
6 0.49740 0.20859 0.49740 0.21094 0.49688 0.21172 0.49635 0.22031 0.49635 0.22656 0.50365 0.23984 0.50729 0.24609 0.51719 0.25703 0.52031 0.26016 0.52187 0.26094 0.52396 0.26250 0.52708 0.25859 0.52812 0.25391 0.52812 0.24688 0.52396 0.23438 0.52292 0.23281 0.52292 0.23203 0.51198 0.21797 0.50469 0.21094 0.50208 0.20938 0.49896 0.20859
6 0.52500 0.26250 0.52500 0.26875 0.52552 0.27969 0.52604 0.28437 0.54010 0.31094 0.55000 0.32344 0.55885 0.32344 0.55937 0.32188 0.55937 0.31797 0.56042 0.31328 0.56042 0.31016 0.55885 0.30547 0.55469 0.29453 0.54688 0.27500 0.54531 0.27266 0.53490 0.26484 0.53021 0.26250
6 0.51458 0.18672 0.51458 0.18906 0.51510 0.18984 0.51615 0.20234 0.51719 0.21094 0.51771 0.21328 0.51927 0.21641 0.53073 0.23750 0.53281 0.23750 0.53333 0.23828 0.53906 0.23906 0.54219 0.23906 0.54219 0.23750 0.54271 0.23672 0.54271 0.23047 0.54375 0.22344 0.54375 0.21797 0.54271 0.21484 0.54063 0.20703 0.53906 0.20234 0.53073 0.18984 0.52552 0.18594 0.52396 0.18516 0.52083 0.18516 0.51615 0.18594 0.51562 0.18672
6 0.53854 0.23594 0.53958 0.23906 0.54063 0.24063 0.54167 0.24453 0.54427 0.25000 0.54740 0.25938 0.55260 0.27266 0.55365 0.27422 0.55365 0.27500 0.56354 0.28828 0.56719 0.29063 0.57292 0.29375 0.57396 0.29375 0.57812 0.28906 0.57760 0.28750 0.57760 0.28594 0.57500 0.27734 0.57031 0.26328 0.56198 0.24063 0.55990 0.23750 0.55104 0.23047 0.54896 0.22969 0.54740 0.22969 0.54531 0.23125 0.54010 0.23438 0.53958 0.23516
6 0.57344 0.29609 0.57604 0.30312 0.57865 0.30859 0.58490 0.32578 0.58906 0.33594 0.60000 0.35313 0.60833 0.35313 0.60885 0.35234 0.61250 0.35234 0.61250 0.34766 0.61302 0.34687 0.61302 0.33594 0.59844 0.30547 0.59167 0.29922 0.58281 0.29141 0.58073 0.28984 0.57812 0.29141 0.57708 0.29297 0.57448 0.29453
6 0.59010 0.26250 0.59115 0.26562 0.59219 0.26719 0.59323 0.27109 0.60052 0.28984 0.60313 0.29609 0.61719 0.31562 0.61927 0.31641 0.62240 0.31641 0.62240 0.31172 0.62292 0.31094 0.62292 0.29922 0.61458 0.27187 0.61250 0.26562 0.61146 0.26406 0.60885 0.26250 0.60313 0.26016 0.60156 0.25859 0.59844 0.25703 0.59740 0.25703 0.59583 0.25781 0.59323 0.26016
6 0.55990 0.21172 0.55990 0.21328 0.56094 0.21641 0.56406 0.23281 0.56406 0.23516 0.56458 0.23672 0.56927 0.24063 0.58646 0.25781 0.58906 0.26172 0.58958 0.26172 0.59115 0.26406 0.59271 0.25859 0.59271 0.25625 0.59375 0.25312 0.59375 0.25156 0.59323 0.24922 0.59115 0.24219 0.58854 0.23438 0.58125 0.22266 0.57969 0.22109 0.57500 0.21719 0.56979 0.21328 0.56615 0.21172
6 0.53021 0.15859 0.53073 0.16250 0.53490 0.18359 0.53594 0.18750 0.55312 0.21328 0.55365 0.21172 0.55417 0.21094 0.55521 0.20547 0.55729 0.19844 0.55729 0.19609 0.55625 0.19141 0.55469 0.18594 0.55312 0.17734 0.55208 0.17344 0.54375 0.16406 0.54219 0.16250 0.54010 0.16094 0.53490 0.15781 0.53177 0.15781 0.53125 0.15859
6 0.55365 0.13125 0.55365 0.13359 0.55417 0.13437 0.55521 0.14219 0.55521 0.14609 0.55625 0.15391 0.55677 0.15703 0.55833 0.16406 0.56042 0.17188 0.57135 0.18984 0.57344 0.19062 0.57604 0.19062 0.58125 0.18047 0.58125 0.17891 0.57812 0.16875 0.57500 0.15937 0.56510 0.14375 0.55625 0.13359
6 0.57240 0.19297 0.57292 0.19531 0.58229 0.21719 0.59271 0.23438 0.59479 0.23594 0.60365 0.24063 0.60573 0.24219 0.60573 0.22344 0.60365 0.20781 0.60313 0.20547 0.59531 0.19375 0.58385 0.18516 0.58177 0.18516 0.58125 0.18438 0.57969 0.18438
6 0.46615 0.15234 0.46510 0.15391 0.46406 0.15937 0.46406 0.16172 0.46354 0.16250 0.46354 0.16406 0.46406 0.16562 0.46615 0.17031 0.47031 0.17891 0.47031 0.17969 0.47083 0.18047 0.47135 0.18047 0.47448 0.18438 0.48281 0.19297 0.48385 0.19375 0.48646 0.19453 0.48802 0.19453 0.49115 0.18516 0.49115 0.18359 0.49062 0.18281 0.49062 0.18047 0.48698 0.16250 0.48542 0.16016 0.48073 0.15625 0.47656 0.15313 0.47031 0.15078 0.46823 0.15078
6 0.44583 0.10234 0.44531 0.10312 0.44479 0.10469 0.44479 0.10703 0.44896 0.12344 0.45000 0.12656 0.45625 0.14219 0.45990 0.15000 0.46094 0.15078 0.46406 0.15234 0.46510 0.15234 0.47187 0.14375 0.47240 0.13984 0.47135 0.13516 0.47031 0.12266 0.46979 0.11875 0.46927 0.11641 0.46094 0.10391 0.45625 0.09922 0.45469 0.09922 0.45417 0.10000 0.44688 0.10156
6 0.42812 0.07500 0.42708 0.07891 0.42708 0.08203 0.42812 0.08828 0.42865 0.08984 0.43750 0.10312 0.44271 0.10703 0.44375 0.10703 0.44635 0.10469 0.45000 0.10234 0.45104 0.09766 0.45104 0.08906 0.44271 0.07656 0.43958 0.07266 0.43854 0.07187 0.43594 0.07109 0.43385 0.07109 0.42917 0.07344
6 0.40469 0.05156 0.40260 0.05859 0.41094 0.07187 0.41771 0.07812 0.41979 0.07969 0.42135 0.08047 0.42396 0.08125 0.42865 0.08203 0.42917 0.08281 0.43073 0.08281 0.43073 0.08047 0.42969 0.07031 0.42917 0.06719 0.42760 0.06172 0.42656 0.05859 0.42500 0.05625 0.42031 0.05234 0.41719 0.05000 0.41563 0.04922 0.41198 0.04922 0.41146 0.04844 0.40833 0.04844 0.40573 0.05000
6 0.38073 0.03594 0.38229 0.03672 0.38333 0.03828 0.38438 0.04141 0.38594 0.04688 0.38698 0.04844 0.38854 0.05000 0.39531 0.05469 0.39792 0.05703 0.40052 0.06016 0.40208 0.06094 0.40625 0.05469 0.40677 0.04922 0.40677 0.03906 0.40573 0.03750 0.40417 0.03594 0.39896 0.03125 0.39792 0.03047 0.39531 0.02969 0.38958 0.02969 0.38802 0.03047 0.38594 0.03359 0.38385 0.03516 0.38229 0.03516
6 0.38698 0.03438 0.38750 0.02734 0.38750 0.01406 0.38438 0.01406 0.37292 0.01562 0.37240 0.01641 0.36719 0.01641 0.36667 0.01719 0.36510 0.01719 0.36615 0.01875 0.36615 0.01953 0.37188 0.03125 0.37240 0.03203 0.37708 0.03750 0.37865 0.03906 0.37969 0.03906 0.38125 0.03750 0.38385 0.03672 0.38542 0.03516
6 0.38646 0.00469 0.38698 0.00625 0.38698 0.00781 0.39115 0.02031 0.39219 0.02187 0.39323 0.02266 0.40104 0.02734 0.40469 0.02813 0.40937 0.02813 0.40937 0.02656 0.40781 0.01797 0.40677 0.01484 0.40260 0.00547 0.40052 0.00391 0.39948 0.00391 0.39687 0.00156 0.39479 0.00078 0.39271 0.00078 0.39219 0.00000 0.39062 0.00000
6 0.40521 0.02187 0.40521 0.02344 0.40469 0.02422 0.40521 0.02891 0.41354 0.03984 0.42031 0.04609 0.42188 0.04688 0.42292 0.04844 0.42396 0.04922 0.42448 0.04766 0.42448 0.04375 0.42552 0.03594 0.42708 0.03203 0.42708 0.03047 0.42552 0.02813 0.41979 0.02031 0.41875 0.01953 0.41667 0.01875 0.41354 0.01719 0.41198 0.01719 0.41146 0.01641 0.41042 0.01641 0.40729 0.01953
6 0.42188 0.04453 0.42188 0.04609 0.42292 0.04922 0.43125 0.06016 0.43281 0.06172 0.43750 0.06563 0.44688 0.07109 0.44688 0.06875 0.44792 0.06563 0.44844 0.06250 0.44844 0.06016 0.44740 0.05547 0.44635 0.05312 0.44635 0.05156 0.44583 0.05000 0.44479 0.04922 0.43542 0.03984 0.43438 0.03906 0.43229 0.03828 0.42604 0.03828
6 0.44792 0.05937 0.44479 0.06484 0.44219 0.07266 0.44323 0.07344 0.44479 0.07422 0.44688 0.07656 0.45365 0.08516 0.45677 0.08828 0.46146 0.09219 0.46563 0.09531 0.47031 0.09688 0.47083 0.09531 0.47187 0.08906 0.47187 0.08359 0.47135 0.07812 0.47083 0.07734 0.47083 0.07578 0.46406 0.06797 0.45156 0.05859
6 0.46875 0.08203 0.46823 0.08672 0.46823 0.09141 0.46875 0.09297 0.47448 0.10156 0.47917 0.10938 0.48229 0.11563 0.48333 0.11719 0.48490 0.11875 0.48854 0.12187 0.48958 0.12187 0.49115 0.12109 0.49271 0.11953 0.49427 0.11875 0.49427 0.11719 0.49271 0.11094 0.49167 0.10234 0.49115 0.10078 0.48021 0.08672 0.47917 0.08594 0.47031 0.08203
6 0.48906 0.12344 0.48906 0.12578 0.48854 0.12656 0.48802 0.13672 0.48802 0.14453 0.48906 0.14766 0.49219 0.15937 0.49375 0.16406 0.50208 0.17656 0.50365 0.17734 0.50625 0.17813 0.50833 0.17813 0.50938 0.17734 0.51510 0.17188 0.51510 0.17031 0.51458 0.16797 0.51354 0.16562 0.50938 0.14609 0.50833 0.14375 0.50833 0.14219 0.50781 0.14062 0.49323 0.12578 0.49115 0.12422 0.49010 0.12422
6 0.51615 0.10234 0.51198 0.10547 0.51146 0.11016 0.51198 0.11797 0.51250 0.12109 0.51615 0.13203 0.52083 0.14375 0.52448 0.15156 0.52500 0.15391 0.52552 0.15469 0.52708 0.15547 0.53073 0.15937 0.53229 0.16016 0.53594 0.15313 0.53594 0.13828 0.52969 0.11953 0.52812 0.11563 0.52083 0.10547 0.51927 0.10391 0.51719 0.10234
6 0.53073 0.09297 0.53073 0.09453 0.53021 0.09531 0.53021 0.10547 0.53073 0.10625 0.53073 0.10859 0.54323 0.12187 0.54740 0.12734 0.55000 0.13047 0.55156 0.13203 0.55729 0.13203 0.56146 0.12187 0.55573 0.11094 0.55260 0.10547 0.54010 0.09453 0.53698 0.09219 0.53281 0.09219 0.53229 0.09297
6 0.48594 0.07891 0.48542 0.08047 0.48542 0.08203 0.48698 0.08594 0.48958 0.09453 0.49115 0.09688 0.49323 0.09844 0.49844 0.10312 0.50313 0.10625 0.50938 0.11094 0.51406 0.10625 0.51406 0.10469 0.51458 0.10391 0.51458 0.10000 0.51510 0.09922 0.51510 0.09609 0.50885 0.08594 0.50677 0.08281 0.49948 0.07578 0.49740 0.07422 0.49583 0.07344 0.49427 0.07344 0.49375 0.07266 0.49271 0.07266 0.49167 0.07344
6 0.46250 0.05859 0.47604 0.07578 0.48177 0.08281 0.48333 0.08281 0.48542 0.08125 0.48906 0.08047 0.49115 0.07734 0.49010 0.07031 0.48906 0.06563 0.48854 0.06406 0.47917 0.05469 0.47708 0.05234 0.47604 0.05156 0.47448 0.05078 0.47083 0.05000 0.46875 0.05000 0.46615 0.05312
6 0.44635 0.02500 0.44167 0.03594 0.44115 0.03828 0.45312 0.05312 0.45417 0.05391 0.46250 0.05781 0.46563 0.05781 0.46563 0.05547 0.46771 0.04688 0.46823 0.04297 0.46719 0.04141 0.46510 0.03984 0.46146 0.03672 0.45469 0.03203 0.45000 0.02734
6 0.42135 0.01562 0.42188 0.01719 0.43229 0.03125 0.43594 0.03594 0.43906 0.03906 0.44219 0.03281 0.44323 0.03047 0.44375 0.02891 0.44479 0.02422 0.44583 0.01797 0.44583 0.01562 0.44427 0.01484 0.44271 0.01484 0.43385 0.01016 0.43177 0.00937 0.43021 0.00937 0.42812 0.01016 0.42656 0.01094 0.42448 0.01250
6 0.42812 0.00313 0.42760 0.00234 0.42760 0.00000 0.42292 0.00000 0.40781 0.00156 0.40729 0.00234 0.40521 0.00234 0.40729 0.00391 0.40885 0.00625 0.41719 0.01406 0.41979 0.01641 0.42135 0.01719 0.42396 0.01406 0.42760 0.00937
6 0.42865 0.00000 0.43802 0.01094 0.43958 0.01250 0.44062 0.01250 0.44427 0.01016 0.44635 0.00859 0.44740 0.00703 0.44792 0.00391 0.44844 0.00000
6 0.44219 0.00391 0.44219 0.00937 0.45625 0.02656 0.45885 0.02891 0.46406 0.02187 0.46510 0.02031 0.46510 0.01875 0.46406 0.01641 0.46354 0.01250 0.46302 0.01094 0.46198 0.00937 0.44948 0.00000 0.44844 0.00000 0.44531 0.00156 0.44375 0.00313
6 0.46354 0.02266 0.46250 0.02500 0.46146 0.02813 0.46510 0.03594 0.46667 0.03906 0.46719 0.03984 0.46771 0.03984 0.47292 0.04609 0.47604 0.04922 0.47708 0.05000 0.48021 0.05156 0.48333 0.05234 0.48490 0.05234 0.48594 0.04922 0.48750 0.04375 0.48750 0.04219 0.48594 0.03828 0.48385 0.03125 0.48177 0.02813 0.47135 0.01875 0.47031 0.01797 0.46875 0.01875
6 0.48490 0.04453 0.48490 0.05391 0.48646 0.05703 0.49427 0.07109 0.49531 0.07187 0.49792 0.07266 0.49948 0.07422 0.50208 0.07500 0.50313 0.07578 0.50417 0.07422 0.50625 0.06875 0.50677 0.06641 0.50729 0.06250 0.50729 0.05937 0.49740 0.04844 0.49219 0.04297 0.48958 0.04297 0.48906 0.04375 0.48594 0.04375
6 0.50729 0.06563 0.50573 0.07734 0.50573 0.07891 0.50729 0.07891 0.50833 0.07969 0.51094 0.08281 0.51615 0.08984 0.52083 0.09531 0.52187 0.09609 0.53177 0.10000 0.53281 0.10000 0.53281 0.08516 0.52396 0.07422 0.51927 0.06875 0.51823 0.06797 0.51562 0.06719 0.51354 0.06719 0.50938 0.06563 0.50885 0.06484
6 0.57396 0.11094 0.57344 0.11250 0.57292 0.11641 0.57292 0.11953 0.57552 0.12734 0.57656 0.12969 0.59115 0.15391 0.59583 0.16016 0.59896 0.15547 0.59896 0.15313 0.59844 0.15234 0.59844 0.14922 0.59635 0.13516 0.59583 0.13359 0.59375 0.12969 0.58698 0.11797 0.58490 0.11641 0.58073 0.11406 0.57500 0.11172
6 0.54635 0.08672 0.54583 0.08906 0.54583 0.09062 0.54635 0.09219 0.55052 0.10234 0.56198 0.11563 0.56458 0.11641 0.56979 0.11641 0.57292 0.11406 0.57396 0.11094 0.57448 0.10391 0.57448 0.09922 0.57344 0.09844 0.56042 0.08594 0.55417 0.08047 0.55260 0.08125 0.54740 0.08516
6 0.56354 0.08047 0.56354 0.08125 0.56302 0.08281 0.57917 0.10859 0.58073 0.11016 0.58906 0.11641 0.59323 0.11641 0.59323 0.11094 0.59271 0.10234 0.59219 0.10156 0.59219 0.09844 0.57760 0.08359 0.57552 0.08203 0.57292 0.08047 0.56927 0.07969
6 0.52240 0.06328 0.52187 0.06484 0.52240 0.06641 0.52917 0.08281 0.53125 0.08438 0.53229 0.08438 0.53854 0.08906 0.54531 0.09297 0.54635 0.09141 0.54896 0.08359 0.54896 0.07969 0.54844 0.07891 0.54792 0.07344 0.54792 0.06875 0.54740 0.06719 0.54531 0.06563 0.53385 0.06016 0.52500 0.06016
6 0.49896 0.04063 0.50260 0.04766 0.50885 0.05781 0.52031 0.06641 0.52135 0.06406 0.52396 0.05547 0.51875 0.03984 0.51771 0.03828 0.51562 0.03750 0.51250 0.03594 0.50885 0.03438 0.50729 0.03438 0.50677 0.03359 0.50573 0.03359 0.50104 0.03828
6 0.48281 0.01094 0.47917 0.01797 0.47813 0.02109 0.48646 0.03359 0.49427 0.04141 0.49531 0.04219 0.49740 0.04219 0.49792 0.04141 0.50052 0.04141 0.50156 0.04063 0.50208 0.03984 0.50417 0.03281 0.50365 0.03125 0.49740 0.01719 0.49635 0.01641 0.49167 0.01406 0.48646 0.01172 0.48438 0.01094
6 0.45729 0.00156 0.46615 0.01328 0.46927 0.01719 0.47031 0.01797 0.47240 0.01875 0.47552 0.02031 0.47708 0.02031 0.47760 0.02109 0.47865 0.02109 0.48177 0.01484 0.48281 0.01250 0.48281 0.01094 0.48125 0.00469 0.48021 0.00313 0.47396 0.00000 0.46823 0.00000 0.45990 0.00078 0.45937 0.00156
6 0.48229 0.00000 0.48438 0.00313 0.49219 0.01250 0.49427 0.01484 0.49531 0.01484 0.49583 0.01406 0.49740 0.01406 0.49948 0.01250 0.50156 0.01172 0.49792 0.00078
6 0.49635 0.00859 0.49583 0.01094 0.49635 0.01328 0.50677 0.02891 0.51927 0.03828 0.52083 0.03906 0.52135 0.03750 0.52187 0.03125 0.52187 0.02734 0.51198 0.01250 0.50885 0.01016 0.50156 0.00547 0.50052 0.00547
6 0.52135 0.02891 0.52083 0.03047 0.52083 0.03203 0.51927 0.03594 0.51927 0.03750 0.52187 0.04141 0.53281 0.05703 0.53490 0.05859 0.53854 0.06094 0.53958 0.06094 0.54115 0.05937 0.54531 0.05469 0.54427 0.05156 0.53802 0.03828 0.53646 0.03672 0.53073 0.03203 0.52552 0.02813
6 0.53906 0.05625 0.53802 0.05937 0.53958 0.05781 0.54323 0.06328 0.54948 0.07500 0.55260 0.08047 0.55469 0.08203 0.56302 0.08359 0.56510 0.08359 0.56563 0.08203 0.56563 0.07734 0.56615 0.07656 0.56615 0.07266 0.55365 0.05781 0.55208 0.05625 0.54792 0.05312 0.54583 0.05312 0.54063 0.05469 0.53958 0.05547
6 0.55990 0.04219 0.55990 0.04375 0.55885 0.04609 0.55833 0.05000 0.55729 0.05234 0.55729 0.05391 0.56927 0.07422 0.57135 0.07578 0.57396 0.07656 0.57812 0.07969 0.57917 0.07969 0.58177 0.07500 0.58385 0.07031 0.58229 0.06719 0.56927 0.04297 0.56771 0.04297 0.56719 0.04219 0.56302 0.04141
6 0.53333 0.02656 0.53385 0.02813 0.54219 0.04141 0.54427 0.04453 0.54583 0.04609 0.55052 0.05000 0.55521 0.05312 0.55990 0.04844 0.55885 0.04531 0.55052 0.02813 0.54896 0.02656 0.54167 0.02109 0.54063 0.02109 0.53854 0.02266 0.53594 0.02422
6 0.50938 0.00469 0.51406 0.01328 0.52187 0.02578 0.52344 0.02656 0.53021 0.02813 0.53229 0.02813 0.53438 0.02344 0.53490 0.02187 0.53490 0.02031 0.53438 0.01953 0.53438 0.01719 0.53385 0.01484 0.53333 0.01172 0.53177 0.00937 0.52656 0.00469 0.52448 0.00313 0.52292 0.00234 0.51562 0.00078 0.51354 0.00078 0.51250 0.00156
6 0.53073 0.00234 0.53385 0.00625 0.53698 0.00937 0.54271 0.01719 0.54844 0.02422 0.55104 0.02656 0.55521 0.02109 0.55573 0.01953 0.55469 0.01719 0.55417 0.01484 0.55208 0.00937 0.55000 0.00625 0.54167 0.00000 0.53281 0.00000 0.53177 0.00078
6 0.55260 0.01562 0.55208 0.01797 0.55208 0.02031 0.55156 0.02266 0.54948 0.02813 0.55104 0.02891 0.55521 0.03359 0.56927 0.04688 0.57188 0.04844 0.57292 0.05000 0.57500 0.05156 0.57500 0.03984 0.57396 0.03672 0.56823 0.02187 0.56667 0.01953 0.56250 0.01797 0.55833 0.01719 0.55417 0.01484
6 0.54635 0.00000 0.55625 0.01562 0.55885 0.01953 0.56042 0.02031 0.56354 0.02109 0.56563 0.02031 0.56563 0.01875 0.56667 0.01641 0.56719 0.01406 0.56719 0.01250 0.56563 0.00859 0.56406 0.00313 0.56302 0.00156 0.56146 0.00078 0.55937 0.00000
