0 0.20267 0.65067 0.13867 0.66933 0.02133 0.70667 0.01733 0.70667 0.01200 0.71067 0.01600 0.71733 0.12400 0.97067 0.12667 0.97200 0.35200 0.87200
0 0.44000 0.51333 0.43733 0.51333 0.41067 0.52533 0.30267 0.56800 0.30000 0.66000 0.28800 0.65600 0.41600 0.83200 0.59733 0.74133 0.59867 0.66400
0 0.71333 0.46667 0.70267 0.46933 0.69867 0.47200 0.68000 0.47733 0.67600 0.48000 0.61200 0.50133 0.60800 0.50400 0.60133 0.50533 0.59600 0.50800 0.59467 0.51200 0.58800 0.58267 0.58533 0.58533 0.57467 0.58933 0.57067 0.59200 0.66800 0.67467 0.67733 0.67867 0.68000 0.67867 0.71867 0.66133 0.74533 0.64800 0.78667 0.63067 0.79867 0.62400 0.80133 0.62400 0.80933 0.62000 0.81200 0.61600 0.81200 0.60933 0.81867 0.57600 0.82267 0.54533
0 0.88800 0.41067 0.88133 0.41200 0.87733 0.41467 0.86267 0.41867 0.80400 0.44000 0.80133 0.44267 0.79733 0.45733 0.78533 0.49067 0.78533 0.49467 0.79333 0.51733 0.87733 0.57333 0.88000 0.57333 0.90400 0.56533 0.90800 0.56267 0.95867 0.54667 0.96267 0.54400 0.97733 0.54000 0.98267 0.53733 0.98400 0.53467 0.98400 0.52667 0.98800 0.50800 0.99200 0.47333 0.99333 0.47200 0.99333 0.46667 0.99067 0.46400 0.96533 0.45200 0.93733 0.43600
0 0.66267 0.29867 0.65867 0.29867 0.65733 0.30000 0.61600 0.30800 0.57467 0.31467 0.56133 0.31733 0.56000 0.31867 0.55467 0.31867 0.55200 0.32000 0.55200 0.32400 0.55067 0.32533 0.55067 0.34267 0.54800 0.37867 0.54400 0.41467 0.54133 0.45067 0.54133 0.46133 0.54400 0.46133 0.54533 0.46000 0.55467 0.45867 0.55600 0.45733 0.62533 0.44000 0.63067 0.44000 0.64133 0.43733 0.64800 0.43467 0.64933 0.43067 0.65067 0.41867 0.65200 0.39467 0.66133 0.31867
0 0.52800 0.33333 0.51867 0.33333 0.48667 0.33600 0.47067 0.33867 0.45600 0.33867 0.45467 0.34000 0.44000 0.34000 0.43867 0.34133 0.43467 0.34133 0.43467 0.44667 0.43600 0.44800 0.43600 0.49867 0.43867 0.49867 0.44000 0.49733 0.44933 0.49600 0.45067 0.49467 0.47733 0.48933 0.51600 0.47867 0.52133 0.47867 0.52800 0.47600
0 0.09333 0.50800 0.05200 0.51867 0.03733 0.52400 0.01333 0.52933 0.00800 0.53200 0.00267 0.53333 0.00267 0.68533 0.00533 0.68400 0.01333 0.68267 0.10267 0.65333 0.10667 0.65333 0.11600 0.64933 0.11467 0.63600 0.11067 0.61867 0.09600 0.52667 0.09600 0.51867 0.09467 0.51067
0 0.11200 0.34133 0.11200 0.34667 0.11467 0.35733 0.11600 0.37467 0.12133 0.41333 0.13333 0.48933 0.13333 0.49867 0.13467 0.50800 0.13600 0.51067 0.13867 0.51200 0.14667 0.51200 0.14800 0.51333 0.16533 0.51467 0.16667 0.51600 0.18400 0.51733 0.22133 0.52400 0.23600 0.52533 0.23600 0.52000 0.23467 0.51867 0.21733 0.39467 0.21600 0.39067 0.16800 0.32533 0.16533 0.32533 0.16400 0.32667 0.16000 0.32667
0 0.41200 0.33867 0.40933 0.33867 0.40800 0.34000 0.39067 0.34400 0.36133 0.34933 0.29600 0.36533 0.25333 0.37467 0.25333 0.38667 0.26000 0.48933 0.26133 0.49600 0.26400 0.49867 0.29467 0.51600 0.29733 0.51600 0.30133 0.51467 0.30533 0.51200 0.32000 0.50800 0.32400 0.50533 0.41333 0.47467 0.41733 0.47200 0.42133 0.47067 0.42000 0.44000 0.41600 0.40133 0.41600 0.38267 0.41467 0.36400 0.41333 0.36267 0.41333 0.34533 0.41200 0.34400
0 0.46000 0.03733 0.44267 0.05467 0.44133 0.06800 0.43867 0.13600 0.43867 0.15733 0.44933 0.15733 0.45067 0.15867 0.48400 0.15867 0.48533 0.16000 0.52000 0.16133 0.54267 0.16133 0.54400 0.15867 0.54400 0.15333 0.54533 0.15200 0.54667 0.14000 0.54800 0.13867 0.56133 0.07200 0.56400 0.05467 0.56133 0.05333 0.55467 0.05333 0.55333 0.05200 0.53867 0.05067 0.53733 0.04933 0.46667 0.03867 0.46533 0.03733
0 0.57200 0.15333 0.56533 0.15333 0.55467 0.15467 0.53067 0.15867 0.50800 0.16000 0.49733 0.16133 0.49600 0.16267 0.49333 0.16267 0.49333 0.17200 0.49200 0.17333 0.49200 0.20533 0.49067 0.20667 0.48933 0.24000 0.48933 0.26133 0.49333 0.26133 0.50133 0.26000 0.51733 0.25600 0.54667 0.25200 0.55467 0.24933 0.56133 0.24933 0.56400 0.24800 0.56400 0.24400 0.56533 0.24267 0.56533 0.22800 0.56667 0.22667 0.57200 0.16267
0 0.82267 0.00400 0.81333 0.00400 0.77867 0.00667 0.76133 0.00933 0.74533 0.00933 0.74400 0.01067 0.74000 0.01067 0.73867 0.01333 0.73867 0.02000 0.73733 0.02133 0.73600 0.03600 0.73467 0.03733 0.72000 0.12667 0.72000 0.13067 0.73733 0.13067 0.79467 0.12800 0.79600 0.12667 0.80400 0.12667 0.80533 0.12400 0.80533 0.11600 0.80800 0.10667 0.82267 0.00800
0 0.71733 0.13733 0.71733 0.19200 0.73600 0.19333 0.73600 0.20800 0.73467 0.24133 0.74133 0.24133 0.78667 0.23600 0.78800 0.23467 0.79733 0.23467 0.79867 0.23333 0.80133 0.23333 0.80133 0.23067 0.80267 0.22933 0.80267 0.22000 0.80400 0.21867 0.81333 0.14267 0.81333 0.13733
0 0.72400 0.19867 0.72133 0.19867 0.71333 0.20133 0.61467 0.22000 0.61333 0.22133 0.60800 0.22133 0.60533 0.22267 0.60533 0.23067 0.60800 0.26267 0.60933 0.26400 0.60933 0.27867 0.61067 0.28000 0.61067 0.28400 0.61333 0.28267 0.61600 0.28267 0.63467 0.27467 0.63733 0.27467 0.64000 0.27333 0.64667 0.27867 0.66400 0.28800 0.67067 0.29333 0.67067 0.30400 0.66800 0.34133 0.66800 0.36400 0.67067 0.36400 0.67200 0.36267 0.68133 0.36133 0.68267 0.36000 0.71333 0.35333 0.72000 0.35067 0.72133 0.33333 0.72400 0.23067
0 0.82533 0.26533 0.82133 0.28133 0.81333 0.30667 0.78933 0.39733 0.78933 0.40000 0.79200 0.40267 0.81067 0.41200 0.81200 0.40667 0.81467 0.40133 0.81600 0.39200 0.82267 0.36800 0.83067 0.34400 0.84400 0.29600 0.84533 0.28667 0.84667 0.28533 0.84667 0.28267 0.83067 0.26933 0.82933 0.26933
0 0.95333 0.05600 0.93200 0.05600 0.93067 0.05467 0.88533 0.05467 0.88400 0.05733 0.88400 0.06267 0.88267 0.06400 0.88133 0.07600 0.88000 0.07733 0.87467 0.10400 0.87467 0.11067 0.86267 0.16533 0.86133 0.17600 0.86667 0.17600 0.92933 0.16800 0.93067 0.16667 0.93333 0.16667 0.93467 0.16400 0.93600 0.15733 0.93733 0.14267 0.94933 0.08267 0.95200 0.06133 0.95333 0.06000
0 0.76133 0.25333 0.75067 0.25333 0.73200 0.25467 0.73067 0.25600 0.72533 0.25600 0.72533 0.27067 0.72400 0.27200 0.72267 0.31867 0.72267 0.34933 0.72533 0.34933 0.72667 0.34800 0.73600 0.34667 0.73733 0.34533 0.75200 0.34267 0.75867 0.34000 0.76000 0.32533 0.76133 0.28133
0 0.82667 0.24000 0.82267 0.24000 0.82133 0.23867 0.80533 0.23867 0.80400 0.23733 0.78667 0.23600 0.77467 0.23600 0.77067 0.24133 0.76933 0.25200 0.76533 0.34000 0.76533 0.35867 0.79333 0.35733 0.79333 0.35333 0.79600 0.34400 0.80000 0.33467 0.82533 0.24667
0 0.86267 0.14667 0.85200 0.14667 0.83467 0.14800 0.83333 0.14933 0.81733 0.14933 0.81600 0.15067 0.81200 0.15067 0.81200 0.23733 0.82267 0.23733 0.82400 0.23867 0.84533 0.23867 0.84667 0.23600 0.84800 0.22933 0.84800 0.22267 0.85600 0.18667 0.86133 0.15200 0.86267 0.15067
